# timestamp x y z roll pitch yaw
0.0 0.25 0.18 0.25 0.0 -3.141592653589793 0.0
0.02002002002002002 0.2488679020031078 0.17999643983736296 0.25 0.0 -3.141592653589793 0.0
0.04004004004004004 0.2477358487890266 0.1799857594902826 0.25 0.0 -3.141592653589793 0.0
0.06006006006006006 0.24660388513879591 0.17996795938124516 0.25 0.0 -3.141592653589793 0.0
0.08008008008008008 0.24547205582991236 0.1799430402143761 0.25 0.0 -3.141592653589793 0.0
0.10010010010010009 0.2443404056345583 0.17991100297541188 0.25 0.0 -3.141592653589793 0.0
0.12012012012012012 0.24320897931783092 0.1798718489316612 0.25 0.0 -3.141592653589793 0.0
0.14014014014014015 0.2420778216359713 0.17982557963195478 0.25 0.0 -3.141592653589793 0.0
0.16016016016016016 0.24094697733459408 0.1797721969065841 0.25 0.0 -3.141592653589793 0.0
0.18018018018018017 0.2398164911469174 0.17971170286722896 0.25 0.0 -3.141592653589793 0.0
0.20020020020020018 0.23868640779199324 0.179644099906874 0.25 0.0 -3.141592653589793 0.0
0.22022022022022023 0.23755677197293878 0.17956939069971406 0.25 0.0 -3.141592653589793 0.0
0.24024024024024024 0.2364276283751677 0.17948757820104835 0.25 0.0 -3.141592653589793 0.0
0.2602602602602603 0.2352990216646228 0.1793986656471635 0.25 0.0 -3.141592653589793 0.0
0.2802802802802803 0.23417099648600898 0.17930265655520572 0.25 0.0 -3.141592653589793 0.0
0.3003003003003003 0.23304359746102726 0.17919955472304142 0.25 0.0 -3.141592653589793 0.0
0.3203203203203203 0.23191686918660978 0.17908936422910718 0.25 0.0 -3.141592653589793 0.0
0.34034034034034033 0.2307908562331554 0.17897208943224832 0.25 0.0 -3.141592653589793 0.0
0.36036036036036034 0.2296656031427669 0.17884773497154652 0.25 0.0 -3.141592653589793 0.0
0.38038038038038036 0.2285411544274888 0.17871630576613626 0.25 0.0 -3.141592653589793 0.0
0.40040040040040037 0.22741755456754673 0.17857780701501033 0.25 0.0 -3.141592653589793 0.0
0.42042042042042044 0.22629484800958777 0.17843224419681397 0.25 0.0 -3.141592653589793 0.0
0.44044044044044045 0.22517307916492235 0.1782796230696284 0.25 0.0 -3.141592653589793 0.0
0.46046046046046046 0.2240522924077675 0.17811994967074293 0.25 0.0 -3.141592653589793 0.0
0.4804804804804805 0.2229325320734914 0.17795323031641608 0.25 0.0 -3.141592653589793 0.0
0.5005005005005005 0.22181384245685962 0.17777947160162577 0.25 0.0 -3.141592653589793 0.0
0.5205205205205206 0.22069626781028304 0.17759868039980856 0.25 0.0 -3.141592653589793 0.0
0.5405405405405406 0.21957985234206717 0.1774108638625875 0.25 0.0 -3.141592653589793 0.0
0.5605605605605606 0.21846464021466358 0.17721602941948955 0.25 0.0 -3.141592653589793 0.0
0.5805805805805806 0.2173506755429228 0.17701418477765135 0.25 0.0 -3.141592653589793 0.0
0.6006006006006006 0.2162380023923493 0.17680533792151465 0.25 0.0 -3.141592653589793 0.0
0.6206206206206206 0.21512666477735842 0.17658949711251024 0.25 0.0 -3.141592653589793 0.0
0.6406406406406406 0.21401670665953518 0.1763666708887313 0.25 0.0 -3.141592653589793 0.0
0.6606606606606606 0.21290817194589534 0.17613686806459553 0.25 0.0 -3.141592653589793 0.0
0.6806806806806807 0.2118011044871486 0.1759000977304966 0.25 0.0 -3.141592653589793 0.0
0.7007007007007007 0.21069554807596383 0.1756563692524445 0.25 0.0 -3.141592653589793 0.0
0.7207207207207207 0.20959154644523692 0.17540569227169497 0.25 0.0 -3.141592653589793 0.0
0.7407407407407407 0.20848914326636078 0.17514807670436827 0.25 0.0 -3.141592653589793 0.0
0.7607607607607607 0.20738838214749766 0.17488353274105684 0.25 0.0 -3.141592653589793 0.0
0.7807807807807807 0.20628930663185432 0.17461207084642213 0.25 0.0 -3.141592653589793 0.0
0.8008008008008007 0.2051919601959595 0.17433370175878077 0.25 0.0 -3.141592653589793 0.0
0.8208208208208209 0.20409638624794413 0.1740484364896797 0.25 0.0 -3.141592653589793 0.0
0.8408408408408409 0.20300262812582412 0.1737562863234606 0.25 0.0 -3.141592653589793 0.0
0.8608608608608609 0.20191072909578617 0.17345726281681353 0.25 0.0 -3.141592653589793 0.0
0.8808808808808809 0.20082073235047615 0.17315137779831985 0.25 0.0 -3.141592653589793 0.0
0.9009009009009009 0.19973268100729058 0.1728386433679841 0.25 0.0 -3.141592653589793 0.0
0.9209209209209209 0.19864661810667106 0.17251907189675555 0.25 0.0 -3.141592653589793 0.0
0.9409409409409409 0.19756258661040152 0.1721926760260388 0.25 0.0 -3.141592653589793 0.0
0.960960960960961 0.19648062939990898 0.17185946866719362 0.25 0.0 -3.141592653589793 0.0
0.980980980980981 0.1954007892745672 0.1715194630010244 0.25 0.0 -3.141592653589793 0.0
1.001001001001001 0.1943231089500036 0.17117267247725856 0.25 0.0 -3.141592653589793 0.0
1.021021021021021 0.19324763105640957 0.17081911081401457 0.25 0.0 -3.141592653589793 0.0
1.0410410410410411 0.19217439813685414 0.17045879199725938 0.25 0.0 -3.141592653589793 0.0
1.0610610610610611 0.19110345264560114 0.1700917302802551 0.25 0.0 -3.141592653589793 0.0
1.0810810810810811 0.19003483694642964 0.16971794018299516 0.25 0.0 -3.141592653589793 0.0
1.1011011011011012 0.18896859331095847 0.16933743649163 0.25 0.0 -3.141592653589793 0.0
1.1211211211211212 0.18790476391697372 0.16895023425788208 0.25 0.0 -3.141592653589793 0.0
1.1411411411411412 0.1868433908467605 0.16855634879845063 0.25 0.0 -3.141592653589793 0.0
1.1611611611611612 0.18578451608543828 0.16815579569440556 0.25 0.0 -3.141592653589793 0.0
1.1811811811811812 0.18472818151929996 0.1677485907905713 0.25 0.0 -3.141592653589793 0.0
1.2012012012012012 0.18367442893415503 0.16733475019489988 0.25 0.0 -3.141592653589793 0.0
1.2212212212212212 0.1826233000136766 0.1669142902778338 0.25 0.0 -3.141592653589793 0.0
1.2412412412412412 0.18157483633775262 0.1664872276716585 0.25 0.0 -3.141592653589793 0.0
1.2612612612612613 0.18052907938084084 0.16605357926984438 0.25 0.0 -3.141592653589793 0.0
1.2812812812812813 0.1794860705103285 0.16561336222637843 0.25 0.0 -3.141592653589793 0.0
1.3013013013013013 0.17844585098489568 0.16516659395508598 0.25 0.0 -3.141592653589793 0.0
1.3213213213213213 0.1774084619528834 0.16471329212894148 0.25 0.0 -3.141592653589793 0.0
1.3413413413413413 0.17637394445066573 0.1642534746793697 0.25 0.0 -3.141592653589793 0.0
1.3613613613613613 0.17534233940102675 0.1637871597955362 0.25 0.0 -3.141592653589793 0.0
1.3813813813813813 0.17431368761154142 0.163314365923628 0.25 0.0 -3.141592653589793 0.0
1.4014014014014013 0.17328802977296165 0.16283511176612364 0.25 0.0 -3.141592653589793 0.0
1.4214214214214214 0.1722654064576065 0.1623494162810537 0.25 0.0 -3.141592653589793 0.0
1.4414414414414414 0.17124585811775722 0.16185729868125062 0.25 0.0 -3.141592653589793 0.0
1.4614614614614614 0.1702294250840573 0.16135877843358873 0.25 0.0 -3.141592653589793 0.0
1.4814814814814814 0.16921614756391684 0.1608538752582142 0.25 0.0 -3.141592653589793 0.0
1.5015015015015014 0.16820606563992208 0.1603426091277651 0.25 0.0 -3.141592653589793 0.0
1.5215215215215214 0.16719921926825004 0.15982500026658114 0.25 0.0 -3.141592653589793 0.0
1.5415415415415414 0.16619564827708772 0.15930106914990372 0.25 0.0 -3.141592653589793 0.0
1.5615615615615615 0.16519539236505681 0.15877083650306606 0.25 0.0 -3.141592653589793 0.0
1.5815815815815815 0.16419849109964307 0.1582343233006732 0.25 0.0 -3.141592653589793 0.0
1.6016016016016015 0.16320498391563143 0.1576915507657725 0.25 0.0 -3.141592653589793 0.0
1.6216216216216217 0.1622149101135458 0.15714254036901387 0.25 0.0 -3.141592653589793 0.0
1.6416416416416417 0.1612283088580946 0.15658731382780072 0.25 0.0 -3.141592653589793 0.0
1.6616616616616617 0.16024521917662155 0.15602589310543072 0.25 0.0 -3.141592653589793 0.0
1.6816816816816818 0.15926567995756158 0.1554583004102269 0.25 0.0 -3.141592653589793 0.0
1.7017017017017018 0.15828972994890284 0.15488455819465938 0.25 0.0 -3.141592653589793 0.0
1.7217217217217218 0.15731740775665373 0.15430468915445703 0.25 0.0 -3.141592653589793 0.0
1.7417417417417418 0.15634875184331581 0.15371871622770975 0.25 0.0 -3.141592653589793 0.0
1.7617617617617618 0.15538380052636228 0.15312666259396104 0.25 0.0 -3.141592653589793 0.0
1.7817817817817818 0.15442259197672237 0.1525285516732913 0.25 0.0 -3.141592653589793 0.0
1.8018018018018018 0.15346516421727116 0.15192440712539104 0.25 0.0 -3.141592653589793 0.0
1.8218218218218218 0.1525115551213258 0.15131425284862526 0.25 0.0 -3.141592653589793 0.0
1.8418418418418419 0.15156180241114708 0.15069811297908792 0.25 0.0 -3.141592653589793 0.0
1.8618618618618619 0.15061594365644737 0.15007601188964728 0.25 0.0 -3.141592653589793 0.0
1.8818818818818819 0.14967401627290444 0.14944797418898173 0.25 0.0 -3.141592653589793 0.0
1.901901901901902 0.14873605752068134 0.14881402472060634 0.25 0.0 -3.141592653589793 0.0
1.921921921921922 0.1478021045029526 0.14817418856189016 0.25 0.0 -3.141592653589793 0.0
1.941941941941942 0.14687219416443642 0.1475284910230641 0.25 0.0 -3.141592653589793 0.0
1.961961961961962 0.14594636328993327 0.14687695764621983 0.25 0.0 -3.141592653589793 0.0
1.981981981981982 0.14502464850287083 0.14621961420429946 0.25 0.0 -3.141592653589793 0.0
2.002002002002002 0.1441070862638551 0.1455564867000759 0.25 0.0 -3.141592653589793 0.0
2.022022022022022 0.14319371286922833 0.14488760136512427 0.25 0.0 -3.141592653589793 0.0
2.042042042042042 0.14228456444963317 0.14421298465878435 0.25 0.0 -3.141592653589793 0.0
2.062062062062062 0.1413796769685833 0.14353266326711384 0.25 0.0 -3.141592653589793 0.0
2.0820820820820822 0.14047908622104094 0.1428466641018327 0.25 0.0 -3.141592653589793 0.0
2.1021021021021022 0.13958282783200088 0.14215501429925867 0.25 0.0 -3.141592653589793 0.0
2.1221221221221223 0.13869093725508125 0.14145774121923388 0.25 0.0 -3.141592653589793 0.0
2.1421421421421423 0.13780344977112102 0.14075487244404236 0.25 0.0 -3.141592653589793 0.0
2.1621621621621623 0.1369204004867844 0.1400464357773191 0.25 0.0 -3.141592653589793 0.0
2.1821821821821823 0.1360418243331722 0.13933245924295032 0.25 0.0 -3.141592653589793 0.0
2.2022022022022023 0.13516775606443987 0.13861297108396461 0.25 0.0 -3.141592653589793 0.0
2.2222222222222223 0.13429823025642296 0.13788799976141602 0.25 0.0 -3.141592653589793 0.0
2.2422422422422423 0.13343328130526907 0.13715757395325812 0.25 0.0 -3.141592653589793 0.0
2.2622622622622623 0.13257294342607767 0.13642172255320936 0.25 0.0 -3.141592653589793 0.0
2.2822822822822824 0.13171725065154605 0.1356804746696105 0.25 0.0 -3.141592653589793 0.0
2.3023023023023024 0.13086623683062376 0.13493385962427287 0.25 0.0 -3.141592653589793 0.0
2.3223223223223224 0.13001993562717307 0.1341819069513185 0.25 0.0 -3.141592653589793 0.0
2.3423423423423424 0.1291783805186375 0.13342464639601204 0.25 0.0 -3.141592653589793 0.0
2.3623623623623624 0.1283416047947178 0.13266210791358385 0.25 0.0 -3.141592653589793 0.0
2.3823823823823824 0.1275096415560546 0.13189432166804518 0.25 0.0 -3.141592653589793 0.0
2.4024024024024024 0.12668252371291944 0.13112131803099497 0.25 0.0 -3.141592653589793 0.0
2.4224224224224224 0.12586028398391286 0.13034312758041844 0.25 0.0 -3.141592653589793 0.0
2.4424424424424425 0.12504295489466996 0.12955978109947744 0.25 0.0 -3.141592653589793 0.0
2.4624624624624625 0.12423056877657387 0.12877130957529276 0.25 0.0 -3.141592653589793 0.0
2.4824824824824825 0.12342315776547691 0.12797774419771843 0.25 0.0 -3.141592653589793 0.0
2.5025025025025025 0.12262075380042922 0.12717911635810783 0.25 0.0 -3.141592653589793 0.0
2.5225225225225225 0.12182338862241543 0.12637545764807206 0.25 0.0 -3.141592653589793 0.0
2.5425425425425425 0.12103109377309904 0.12556679985823013 0.25 0.0 -3.141592653589793 0.0
2.5625625625625625 0.1202439005935747 0.12475317497695149 0.25 0.0 -3.141592653589793 0.0
2.5825825825825826 0.1194618402231285 0.12393461518909059 0.25 0.0 -3.141592653589793 0.0
2.6026026026026026 0.11868494359800608 0.12311115287471382 0.25 0.0 -3.141592653589793 0.0
2.6226226226226226 0.11791324145018903 0.12228282060781857 0.25 0.0 -3.141592653589793 0.0
2.6426426426426426 0.11714676430617901 0.12144965115504468 0.25 0.0 -3.141592653589793 0.0
2.6626626626626626 0.11638554248579033 0.12061167747437831 0.25 0.0 -3.141592653589793 0.0
2.6826826826826826 0.11562960610095066 0.11976893271384828 0.25 0.0 -3.141592653589793 0.0
2.7027027027027026 0.11487898505450964 0.11892145021021466 0.25 0.0 -3.141592653589793 0.0
2.7227227227227226 0.11413370903905623 0.11806926348765019 0.25 0.0 -3.141592653589793 0.0
2.7427427427427427 0.11339380753574399 0.11721240625641403 0.25 0.0 -3.141592653589793 0.0
2.7627627627627627 0.11265930981312511 0.11635091241151847 0.25 0.0 -3.141592653589793 0.0
2.7827827827827827 0.11193024492599224 0.1154848160313879 0.25 0.0 -3.141592653589793 0.0
2.8028028028028027 0.11120664171422956 0.1146141513765109 0.25 0.0 -3.141592653589793 0.0
2.8228228228228227 0.11048852880167173 0.11373895288808498 0.25 0.0 -3.141592653589793 0.0
2.8428428428428427 0.10977593459497159 0.11285925518665414 0.25 0.0 -3.141592653589793 0.0
2.8628628628628627 0.10906888728247666 0.11197509307073929 0.25 0.0 -3.141592653589793 0.0
2.8828828828828827 0.10836741483311382 0.11108650151546194 0.25 0.0 -3.141592653589793 0.0
2.9029029029029028 0.10767154499528314 0.11019351567116047 0.25 0.0 -3.141592653589793 0.0
2.9229229229229228 0.10698130529576014 0.10929617086199969 0.25 0.0 -3.141592653589793 0.0
2.942942942942943 0.10629672303860693 0.10839450258457371 0.25 0.0 -3.141592653589793 0.0
2.962962962962963 0.10561782530409214 0.10748854650650153 0.25 0.0 -3.141592653589793 0.0
2.982982982982983 0.10494463894761957 0.1065783384650162 0.25 0.0 -3.141592653589793 0.0
3.003003003003003 0.10427719059866608 0.10566391446554736 0.25 0.0 -3.141592653589793 0.0
3.023023023023023 0.1036155066597281 0.10474531068029674 0.25 0.0 -3.141592653589793 0.0
3.043043043043043 0.10295961330527703 0.10382256344680735 0.25 0.0 -3.141592653589793 0.0
3.063063063063063 0.10230953648072427 0.10289570926652618 0.25 0.0 -3.141592653589793 0.0
3.083083083083083 0.10166530190139442 0.10196478480336012 0.25 0.0 -3.141592653589793 0.0
3.103103103103103 0.10102693505150842 0.10102982688222574 0.25 0.0 -3.141592653589793 0.0
3.123123123123123 0.10039446118317516 0.10009087248759256 0.25 0.0 -3.141592653589793 0.0
3.143143143143143 0.0997679053153929 0.09914795876202012 0.25 0.0 -3.141592653589793 0.0
3.163163163163163 0.09914729223305926 0.09820112300468856 0.25 0.0 -3.141592653589793 0.0
3.183183183183183 0.09853264648599097 0.09725040266992326 0.25 0.0 -3.141592653589793 0.0
3.203203203203203 0.09792399238795282 0.09629583536571332 0.25 0.0 -3.141592653589793 0.0
3.2232232232232234 0.09732135401569561 0.09533745885222371 0.25 0.0 -3.141592653589793 0.0
3.2432432432432434 0.096724755208004 0.09437531104030174 0.25 0.0 -3.141592653589793 0.0
3.2632632632632634 0.09613421956475335 0.09340942998997727 0.25 0.0 -3.141592653589793 0.0
3.2832832832832834 0.09554977044597626 0.09243985390895729 0.25 0.0 -3.141592653589793 0.0
3.3033033033033035 0.09497143097093846 0.09146662115111447 0.25 0.0 -3.141592653589793 0.0
3.3233233233233235 0.09439922401722434 0.09048977021496993 0.25 0.0 -3.141592653589793 0.0
3.3433433433433435 0.09383317221983178 0.08950933974217036 0.25 0.0 -3.141592653589793 0.0
3.3633633633633635 0.09327329797027706 0.08852536851595952 0.25 0.0 -3.141592653589793 0.0
3.3833833833833835 0.09271962341570888 0.08753789545964405 0.25 0.0 -3.141592653589793 0.0
3.4034034034034035 0.09217217045803236 0.08654695963505366 0.25 0.0 -3.141592653589793 0.0
3.4234234234234235 0.09163096075304272 0.08555260024099619 0.25 0.0 -3.141592653589793 0.0
3.4434434434434436 0.09109601570956849 0.08455485661170675 0.25 0.0 -3.141592653589793 0.0
3.4634634634634636 0.09056735648862474 0.08355376821529192 0.25 0.0 -3.141592653589793 0.0
3.4834834834834836 0.09004500400257595 0.08254937465216837 0.25 0.0 -3.141592653589793 0.0
3.5035035035035036 0.08952897891430892 0.08154171565349656 0.25 0.0 -3.141592653589793 0.0
3.5235235235235236 0.08901930163641511 0.08053083107960884 0.25 0.0 -3.141592653589793 0.0
3.5435435435435436 0.08851599233038349 0.07951676091843297 0.25 0.0 -3.141592653589793 0.0
3.5635635635635636 0.08801907090580274 0.07849954528391 0.25 0.0 -3.141592653589793 0.0
3.5835835835835836 0.0875285570195739 0.07747922441440767 0.25 0.0 -3.141592653589793 0.0
3.6036036036036037 0.08704447007513261 0.07645583867112862 0.25 0.0 -3.141592653589793 0.0
3.6236236236236237 0.08656682922168171 0.07542942853651381 0.25 0.0 -3.141592653589793 0.0
3.6436436436436437 0.08609565335343361 0.07440003461264115 0.25 0.0 -3.141592653589793 0.0
3.6636636636636637 0.08563096110886301 0.07336769761961932 0.25 0.0 -3.141592653589793 0.0
3.6836836836836837 0.08517277086996955 0.07233245839397721 0.25 0.0 -3.141592653589793 0.0
3.7037037037037037 0.08472110076155068 0.07129435788704824 0.25 0.0 -3.141592653589793 0.0
3.7237237237237237 0.08427596865048467 0.07025343716335061 0.25 0.0 -3.141592653589793 0.0
3.7437437437437437 0.08383739214502381 0.06920973739896286 0.25 0.0 -3.141592653589793 0.0
3.7637637637637638 0.08340538859409799 0.06816329987989506 0.25 0.0 -3.141592653589793 0.0
3.7837837837837838 0.08297997508662833 0.06711416600045556 0.25 0.0 -3.141592653589793 0.0
3.803803803803804 0.08256116845085126 0.06606237726161376 0.25 0.0 -3.141592653589793 0.0
3.823823823823824 0.08214898525365269 0.06500797526935821 0.25 0.0 -3.141592653589793 0.0
3.843843843843844 0.08174344179991283 0.06395100173305088 0.25 0.0 -3.141592653589793 0.0
3.863863863863864 0.08134455413186115 0.06289149846377719 0.25 0.0 -3.141592653589793 0.0
3.883883883883884 0.08095233802844182 0.061829507372692216 0.25 0.0 -3.141592653589793 0.0
3.903903903903904 0.08056680900468943 0.06076507046936264 0.25 0.0 -3.141592653589793 0.0
3.923923923923924 0.08018798231111537 0.059698229860105034 0.25 0.0 -3.141592653589793 0.0
3.943943943943944 0.0798158729331046 0.058629027746320304 0.25 0.0 -3.141592653589793 0.0
3.963963963963964 0.07945049559032263 0.057557506422824166 0.25 0.0 -3.141592653589793 0.0
3.983983983983984 0.07909186473613361 0.056483708276174174 0.25 0.0 -3.141592653589793 0.0
4.004004004004004 0.07873999455702821 0.05540767578299303 0.25 0.0 -3.141592653589793 0.0
4.024024024024024 0.07839489897206273 0.05432945150828825 0.25 0.0 -3.141592653589793 0.0
4.044044044044044 0.07805659163230838 0.053249078103768444 0.25 0.0 -3.141592653589793 0.0
4.064064064064064 0.07772508592031127 0.05216659830615622 0.25 0.0 -3.141592653589793 0.0
4.084084084084084 0.07740039494956305 0.051082054935497445 0.25 0.0 -3.141592653589793 0.0
4.104104104104104 0.07708253156398223 0.049995490893467526 0.25 0.0 -3.141592653589793 0.0
4.124124124124124 0.07677150833740598 0.0489069491616743 0.25 0.0 -3.141592653589793 0.0
4.1441441441441444 0.0764673375730929 0.047816472799957765 0.25 0.0 -3.141592653589793 0.0
4.1641641641641645 0.07617003130323619 0.04672410494468685 0.25 0.0 -3.141592653589793 0.0
4.1841841841841845 0.07587960128848778 0.04562988880705286 0.25 0.0 -3.141592653589793 0.0
4.2042042042042045 0.07559605901749308 0.04453386767136045 0.25 0.0 -3.141592653589793 0.0
4.2242242242242245 0.07531941570643655 0.04343608489331509 0.25 0.0 -3.141592653589793 0.0
4.2442442442442445 0.07504968229859796 0.042336583898308223 0.25 0.0 -3.141592653589793 0.0
4.2642642642642645 0.07478686946391952 0.04123540817969943 0.25 0.0 -3.141592653589793 0.0
4.2842842842842845 0.07453098759858387 0.04013260129709593 0.25 0.0 -3.141592653589793 0.0
4.3043043043043046 0.07428204682460268 0.03902820687462946 0.25 0.0 -3.141592653589793 0.0
4.324324324324325 0.07404005698941651 0.03792226859923076 0.25 0.0 -3.141592653589793 0.0
4.344344344344345 0.07380502766550495 0.03681483021890118 0.25 0.0 -3.141592653589793 0.0
4.364364364364365 0.07357696815000825 0.03570593554098234 0.25 0.0 -3.141592653589793 0.0
4.384384384384385 0.07335588746435931 0.03459562843042315 0.25 0.0 -3.141592653589793 0.0
4.404404404404405 0.07314179435392701 0.0334839528080446 0.25 0.0 -3.141592653589793 0.0
4.424424424424425 0.07293469728767019 0.03237095264880238 0.25 0.0 -3.141592653589793 0.0
4.444444444444445 0.07273460445780255 0.031256671980047473 0.25 0.0 -3.141592653589793 0.0
4.464464464464465 0.07254152377946876 0.030141154879784346 0.25 0.0 -3.141592653589793 0.0
4.484484484484485 0.07235546289043121 0.029024445474927434 0.25 0.0 -3.141592653589793 0.0
4.504504504504505 0.07217642915076797 0.027906587939555645 0.25 0.0 -3.141592653589793 0.0
4.524524524524525 0.07200442964258158 0.02678762649316486 0.25 0.0 -3.141592653589793 0.0
4.544544544544545 0.07183947116971898 0.0256676053989188 0.25 0.0 -3.141592653589793 0.0
4.564564564564565 0.0716815602575023 0.024546568961898 0.25 0.0 -3.141592653589793 0.0
4.584584584584585 0.07153070315247076 0.023424561527347402 0.25 0.0 -3.141592653589793 0.0
4.604604604604605 0.07138690582213356 0.022301627478921938 0.25 0.0 -3.141592653589793 0.0
4.624624624624625 0.07125017395473382 0.021177811236930973 0.25 0.0 -3.141592653589793 0.0
4.644644644644645 0.07112051295902364 0.020053157256581126 0.25 0.0 -3.141592653589793 0.0
4.664664664664665 0.07099792796405005 0.018927710026217733 0.25 0.0 -3.141592653589793 0.0
4.684684684684685 0.07088242381895213 0.017801514065564975 0.25 0.0 -3.141592653589793 0.0
4.704704704704705 0.07077400509276924 0.016674613923964934 0.25 0.0 -3.141592653589793 0.0
4.724724724724725 0.07067267607426023 0.015547054178615134 0.25 0.0 -3.141592653589793 0.0
4.744744744744745 0.07057844077173384 0.014418879432805305 0.25 0.0 -3.141592653589793 0.0
4.764764764764765 0.07049130291289013 0.013290134314152985 0.25 0.0 -3.141592653589793 0.0
4.784784784784785 0.07041126594467295 0.012160863472838151 0.25 0.0 -3.141592653589793 0.0
4.804804804804805 0.07033833303313367 0.011031111579836947 0.25 0.0 -3.141592653589793 0.0
4.824824824824825 0.07027250706330598 0.009900923325154768 0.25 0.0 -3.141592653589793 0.0
4.844844844844845 0.07021379063909156 0.00877034341605821 0.25 0.0 -3.141592653589793 0.0
4.864864864864865 0.07016218608315736 0.007639416575306723 0.25 0.0 -3.141592653589793 0.0
4.884884884884885 0.07011769543684346 0.006508187539383457 0.25 0.0 -3.141592653589793 0.0
4.904904904904905 0.07008032046008253 0.00537670105672561 0.25 0.0 -3.141592653589793 0.0
4.924924924924925 0.07005006263133004 0.00424500188595429 0.25 0.0 -3.141592653589793 0.0
4.944944944944945 0.07002692314750594 0.0031131347941039463 0.25 0.0 -3.141592653589793 0.0
4.964964964964965 0.07001090292394715 0.001981144554851666 0.25 0.0 -3.141592653589793 0.0
4.984984984984985 0.07000200259437148 0.0008490759467458002 0.25 0.0 -3.141592653589793 0.0
5.005005005005005 0.07000022251085247 -0.0002830262485651945 0.25 0.0 -3.141592653589793 0.0
5.025025025025025 0.07000556274380557 -0.00141511724810424 0.25 0.0 -3.141592653589793 0.0
5.045045045045045 0.07001802308198521 -0.0025471522693371333 0.25 0.0 -3.141592653589793 0.0
5.065065065065065 0.07003760303249329 -0.0036790865319440654 0.25 0.0 -3.141592653589793 0.0
5.085085085085085 0.07006430182079862 -0.004810875259590854 0.25 0.0 -3.141592653589793 0.0
5.105105105105105 0.07009811839076754 -0.005942473681700414 0.25 0.0 -3.141592653589793 0.0
5.125125125125125 0.07013905140470572 -0.0070738370352236065 0.25 0.0 -3.141592653589793 0.0
5.145145145145145 0.07018709924341107 -0.008204920566409988 0.25 0.0 -3.141592653589793 0.0
5.165165165165165 0.07024226000623784 -0.009335679532578144 0.25 0.0 -3.141592653589793 0.0
5.185185185185185 0.07030453151117175 -0.010466069203885599 0.25 0.0 -3.141592653589793 0.0
5.205205205205205 0.07037391129491621 -0.01159604486509825 0.25 0.0 -3.141592653589793 0.0
5.225225225225225 0.07045039661299007 -0.012725561817359015 0.25 0.0 -3.141592653589793 0.0
5.245245245245245 0.07053398443983577 -0.01385457537995626 0.25 0.0 -3.141592653589793 0.0
5.265265265265265 0.07062467146893939 -0.014983040892091064 0.25 0.0 -3.141592653589793 0.0
5.285285285285285 0.07072245411296121 -0.01611091371464395 0.25 0.0 -3.141592653589793 0.0
5.305305305305305 0.07082732850387774 -0.017238149231940666 0.25 0.0 -3.141592653589793 0.0
5.325325325325325 0.07093929049313466 -0.018364702853517125 0.25 0.0 -3.141592653589793 0.0
5.345345345345345 0.07105833565181094 -0.01949053001588311 0.25 0.0 -3.141592653589793 0.0
5.365365365365365 0.07118445927079409 -0.02061558618428534 0.25 0.0 -3.141592653589793 0.0
5.385385385385385 0.07131765636096635 -0.02173982685446897 0.25 0.0 -3.141592653589793 0.0
5.405405405405405 0.07145792165340215 -0.022863207554438134 0.25 0.0 -3.141592653589793 0.0
5.425425425425425 0.07160524959957645 -0.0239856838462151 0.25 0.0 -3.141592653589793 0.0
5.445445445445445 0.07175963437158425 -0.02510721132759815 0.25 0.0 -3.141592653589793 0.0
5.465465465465465 0.07192106986237118 -0.02622774563391804 0.25 0.0 -3.141592653589793 0.0
5.485485485485485 0.07208954968597489 -0.027347242439792783 0.25 0.0 -3.141592653589793 0.0
5.505505505505505 0.072265067177778 -0.028465657460881314 0.25 0.0 -3.141592653589793 0.0
5.525525525525525 0.07244761539477138 -0.029582946455635067 0.25 0.0 -3.141592653589793 0.0
5.545545545545545 0.07263718711582903 -0.030699065227048104 0.25 0.0 -3.141592653589793 0.0
5.565565565565565 0.07283377484199366 -0.03181396962440545 0.25 0.0 -3.141592653589793 0.0
5.585585585585585 0.07303737079677325 -0.03292761554502958 0.25 0.0 -3.141592653589793 0.0
5.605605605605605 0.0732479669264488 -0.03403995893602491 0.25 0.0 -3.141592653589793 0.0
5.625625625625625 0.07346555490039286 -0.03515095579602057 0.25 0.0 -3.141592653589793 0.0
5.645645645645645 0.07369012611139905 -0.036260562176910906 0.25 0.0 -3.141592653589793 0.0
5.665665665665665 0.07392167167602248 -0.0373687341855939 0.25 0.0 -3.141592653589793 0.0
5.685685685685685 0.07416018243493133 -0.038475427985707564 0.25 0.0 -3.141592653589793 0.0
5.7057057057057055 0.07440564895326904 -0.039580599799363965 0.25 0.0 -3.141592653589793 0.0
5.7257257257257255 0.07465806152102747 -0.040684205908880805 0.25 0.0 -3.141592653589793 0.0
5.7457457457457455 0.07491741015343117 -0.04178620265851106 0.25 0.0 -3.141592653589793 0.0
5.7657657657657655 0.07518368459133226 -0.04288654645616967 0.25 0.0 -3.141592653589793 0.0
5.7857857857857855 0.07545687430161621 -0.043985193775158006 0.25 0.0 -3.141592653589793 0.0
5.8058058058058055 0.07573696847761863 -0.045082101155885686 0.25 0.0 -3.141592653589793 0.0
5.8258258258258255 0.07602395603955253 -0.04617722520758966 0.25 0.0 -3.141592653589793 0.0
5.8458458458458455 0.07631782563494696 -0.04727052261005073 0.25 0.0 -3.141592653589793 0.0
5.865865865865866 0.07661856563909575 -0.048361950115306994 0.25 0.0 -3.141592653589793 0.0
5.885885885885886 0.07692616415551742 -0.04945146454936489 0.25 0.0 -3.141592653589793 0.0
5.905905905905906 0.07724060901642596 -0.05053902281390684 0.25 0.0 -3.141592653589793 0.0
5.925925925925926 0.07756188778321199 -0.05162458188799619 0.25 0.0 -3.141592653589793 0.0
5.945945945945946 0.07788998774693481 -0.05270809882977902 0.25 0.0 -3.141592653589793 0.0
5.965965965965966 0.07822489592882523 -0.053789530778182736 0.25 0.0 -3.141592653589793 0.0
5.985985985985986 0.07856659908079874 -0.05486883495461155 0.25 0.0 -3.141592653589793 0.0
6.006006006006006 0.07891508368597994 -0.05594596866463878 0.25 0.0 -3.141592653589793 0.0
6.026026026026026 0.07927033595923685 -0.05702088929969566 0.25 0.0 -3.141592653589793 0.0
6.046046046046046 0.07963234184772655 -0.05809355433875683 0.25 0.0 -3.141592653589793 0.0
6.066066066066066 0.08000108703145078 -0.059163921350022346 0.25 0.0 -3.141592653589793 0.0
6.086086086086086 0.08037655692382265 -0.06023194799259624 0.25 0.0 -3.141592653589793 0.0
6.106106106106106 0.0807587366722434 -0.061297592018161234 0.25 0.0 -3.141592653589793 0.0
6.126126126126126 0.08114761115869015 -0.0623608112726502 0.25 0.0 -3.141592653589793 0.0
6.146146146146146 0.08154316500031383 -0.06342156369791355 0.25 0.0 -3.141592653589793 0.0
6.166166166166166 0.08194538255004769 -0.06447980733338289 0.25 0.0 -3.141592653589793 0.0
6.186186186186186 0.08235424789722623 -0.06553550031773103 0.25 0.0 -3.141592653589793 0.0
6.206206206206206 0.0827697448682147 -0.06658860089052773 0.25 0.0 -3.141592653589793 0.0
6.226226226226226 0.0831918570270487 -0.06763906739389178 0.25 0.0 -3.141592653589793 0.0
6.246246246246246 0.08362056767608447 -0.0686868582741387 0.25 0.0 -3.141592653589793 0.0
6.266266266266266 0.08405585985665948 -0.06973193208342472 0.25 0.0 -3.141592653589793 0.0
6.286286286286286 0.08449771634976302 -0.07077424748138618 0.25 0.0 -3.141592653589793 0.0
6.306306306306306 0.08494611967671759 -0.0718137632367749 0.25 0.0 -3.141592653589793 0.0
6.326326326326326 0.08540105209987017 -0.07285043822908918 0.25 0.0 -3.141592653589793 0.0
6.346346346346346 0.08586249562329393 -0.07388423145020047 0.25 0.0 -3.141592653589793 0.0
6.366366366366366 0.08633043199350007 -0.07491510200597536 0.25 0.0 -3.141592653589793 0.0
6.386386386386386 0.08680484270015992 -0.07594300911789345 0.25 0.0 -3.141592653589793 0.0
6.406406406406406 0.0872857089768371 -0.0769679121246604 0.25 0.0 -3.141592653589793 0.0
6.426426426426427 0.08777301180172992 -0.07798977048381629 0.25 0.0 -3.141592653589793 0.0
6.446446446446447 0.08826673189842388 -0.07900854377333945 0.25 0.0 -3.141592653589793 0.0
6.466466466466467 0.088766849736654 -0.08002419169324543 0.25 0.0 -3.141592653589793 0.0
6.486486486486487 0.08927334553307767 -0.08103667406718114 0.25 0.0 -3.141592653589793 0.0
6.506506506506507 0.08978619925205691 -0.08204595084401416 0.25 0.0 -3.141592653589793 0.0
6.526526526526527 0.09030539060645124 -0.08305198209941703 0.25 0.0 -3.141592653589793 0.0
6.546546546546547 0.09083089905842001 -0.08405472803744664 0.25 0.0 -3.141592653589793 0.0
6.566566566566567 0.09136270382023473 -0.08505414899211813 0.25 0.0 -3.141592653589793 0.0
6.586586586586587 0.09190078385510164 -0.08605020542897447 0.25 0.0 -3.141592653589793 0.0
6.606606606606607 0.09244511787799367 -0.08704285794664997 0.25 0.0 -3.141592653589793 0.0
6.626626626626627 0.09299568435649247 -0.08803206727842901 0.25 0.0 -3.141592653589793 0.0
6.646646646646647 0.09355246151164018 -0.08901779429379934 0.25 0.0 -3.141592653589793 0.0
6.666666666666667 0.09411542731880104 -0.08999999999999996 0.25 0.0 -3.141592653589793 0.0
6.686686686686687 0.09468455950853238 -0.09097864554356358 0.25 0.0 -3.141592653589793 0.0
6.706706706706707 0.09525983556746584 -0.0919536922118535 0.25 0.0 -3.141592653589793 0.0
6.726726726726727 0.09584123273919773 -0.09292510143459512 0.25 0.0 -3.141592653589793 0.0
6.746746746746747 0.09642872802518929 -0.09389283478540154 0.25 0.0 -3.141592653589793 0.0
6.766766766766767 0.0970222981856764 -0.09485685398329366 0.25 0.0 -3.141592653589793 0.0
6.786786786786787 0.09762191974058906 -0.0958171208942145 0.25 0.0 -3.141592653589793 0.0
6.806806806806807 0.09822756897047996 -0.0967735975325377 0.25 0.0 -3.141592653589793 0.0
6.826826826826827 0.09883922191746286 -0.09772624606256987 0.25 0.0 -3.141592653589793 0.0
6.846846846846847 0.09945685438616028 -0.09867502880004773 0.25 0.0 -3.141592653589793 0.0
6.866866866866867 0.10008044194466076 -0.09961990821362851 0.25 0.0 -3.141592653589793 0.0
6.886886886886887 0.10070995992548509 -0.10056084692637454 0.25 0.0 -3.141592653589793 0.0
6.906906906906907 0.10134538342656221 -0.10149780771723198 0.25 0.0 -3.141592653589793 0.0
6.926926926926927 0.10198668731221427 -0.10243075352250304 0.25 0.0 -3.141592653589793 0.0
6.946946946946947 0.10263384621415092 -0.10335964743731219 0.25 0.0 -3.141592653589793 0.0
6.966966966966967 0.10328683453247278 -0.104284452717066 0.25 0.0 -3.141592653589793 0.0
6.986986986986987 0.10394562643668412 -0.10520513277890664 0.25 0.0 -3.141592653589793 0.0
7.007007007007007 0.10461019586671474 -0.10612165120315903 0.25 0.0 -3.141592653589793 0.0
7.027027027027027 0.10528051653395068 -0.10703397173477153 0.25 0.0 -3.141592653589793 0.0
7.047047047047047 0.10595656192227423 -0.10794205828475006 0.25 0.0 -3.141592653589793 0.0
7.067067067067067 0.10663830528911278 -0.10884587493158555 0.25 0.0 -3.141592653589793 0.0
7.087087087087087 0.10732571966649673 -0.10974538592267523 0.25 0.0 -3.141592653589793 0.0
7.107107107107107 0.10801877786212635 -0.11064055567573661 0.25 0.0 -3.141592653589793 0.0
7.127127127127127 0.10871745246044717 -0.11153134878021513 0.25 0.0 -3.141592653589793 0.0
7.147147147147147 0.10942171582373483 -0.11241772999868498 0.25 0.0 -3.141592653589793 0.0
7.167167167167167 0.11013154009318807 -0.11329966426824281 0.25 0.0 -3.141592653589793 0.0
7.187187187187187 0.1108468971900308 -0.11417711670189494 0.25 0.0 -3.141592653589793 0.0
7.207207207207207 0.11156775881662295 -0.11505005258993724 0.25 0.0 -3.141592653589793 0.0
7.227227227227227 0.11229409645757976 -0.11591843740132825 0.25 0.0 -3.141592653589793 0.0
7.247247247247247 0.1130258813808998 -0.11678223678505506 0.25 0.0 -3.141592653589793 0.0
7.267267267267267 0.11376308463910145 -0.1176414165714922 0.25 0.0 -3.141592653589793 0.0
7.287287287287287 0.1145056770703681 -0.11849594277375333 0.25 0.0 -3.141592653589793 0.0
7.307307307307307 0.1152536292997017 -0.11934578158903558 0.25 0.0 -3.141592653589793 0.0
7.327327327327327 0.1160069117400846 -0.12019089939995671 0.25 0.0 -3.141592653589793 0.0
7.347347347347347 0.11676549459365015 -0.12103126277588502 0.25 0.0 -3.141592653589793 0.0
7.367367367367367 0.11752934785286137 -0.12186683847426172 0.25 0.0 -3.141592653589793 0.0
7.387387387387387 0.1182984413016979 -0.12269759344191589 0.25 0.0 -3.141592653589793 0.0
7.407407407407407 0.11907274451685121 -0.12352349481637202 0.25 0.0 -3.141592653589793 0.0
7.4274274274274275 0.1198522268689283 -0.12434450992714993 0.25 0.0 -3.141592653589793 0.0
7.4474474474474475 0.12063685752366307 -0.1251606062970572 0.25 0.0 -3.141592653589793 0.0
7.4674674674674675 0.12142660544313622 -0.1259717516434737 0.25 0.0 -3.141592653589793 0.0
7.4874874874874875 0.1222214393870028 -0.1267779138796289 0.25 0.0 -3.141592653589793 0.0
7.5075075075075075 0.12302132791372841 -0.12757906111587083 0.25 0.0 -3.141592653589793 0.0
7.5275275275275275 0.1238262393818324 -0.12837516166092777 0.25 0.0 -3.141592653589793 0.0
7.5475475475475475 0.12463614195114003 -0.12916618402316177 0.25 0.0 -3.141592653589793 0.0
7.5675675675675675 0.1254510035840417 -0.1299520969118144 0.25 0.0 -3.141592653589793 0.0
7.587587587587588 0.12627079204676012 -0.13073286923824445 0.25 0.0 -3.141592653589793 0.0
7.607607607607608 0.12709547491062595 -0.13150847011715794 0.25 0.0 -3.141592653589793 0.0
7.627627627627628 0.12792501955336005 -0.13227886886782964 0.25 0.0 -3.141592653589793 0.0
7.647647647647648 0.1287593931603641 -0.13304403501531678 0.25 0.0 -3.141592653589793 0.0
7.667667667667668 0.12959856272601886 -0.1338039382916646 0.25 0.0 -3.141592653589793 0.0
7.687687687687688 0.13044249505498945 -0.1345585486371036 0.25 0.0 -3.141592653589793 0.0
7.707707707707708 0.1312911567635387 -0.13530783620123873 0.25 0.0 -3.141592653589793 0.0
7.727727727727728 0.13214451428084767 -0.1360517713442301 0.25 0.0 -3.141592653589793 0.0
7.747747747747748 0.13300253385034355 -0.1367903246379655 0.25 0.0 -3.141592653589793 0.0
7.767767767767768 0.13386518153103513 -0.13752346686722444 0.25 0.0 -3.141592653589793 0.0
7.787787787787788 0.13473242319885526 -0.13825116903083387 0.25 0.0 -3.141592653589793 0.0
7.807807807807808 0.1356042245480108 -0.13897340234281544 0.25 0.0 -3.141592653589793 0.0
7.827827827827828 0.1364805510923397 -0.13969013823352422 0.25 0.0 -3.141592653589793 0.0
7.847847847847848 0.13736136816667494 -0.14040134835077847 0.25 0.0 -3.141592653589793 0.0
7.867867867867868 0.13824664092821615 -0.1411070045609818 0.25 0.0 -3.141592653589793 0.0
7.887887887887888 0.13913633435790765 -0.1418070789502356 0.25 0.0 -3.141592653589793 0.0
7.907907907907908 0.14003041326182386 -0.14250154382544333 0.25 0.0 -3.141592653589793 0.0
7.927927927927928 0.1409288422725613 -0.14319037171540613 0.25 0.0 -3.141592653589793 0.0
7.947947947947948 0.14183158585063785 -0.1438735353719094 0.25 0.0 -3.141592653589793 0.0
7.967967967967968 0.14273860828589838 -0.14455100777080057 0.25 0.0 -3.141592653589793 0.0
7.987987987987988 0.1436498736989275 -0.14522276211305832 0.25 0.0 -3.141592653589793 0.0
8.008008008008009 0.14456534604246885 -0.14588877182585253 0.25 0.0 -3.141592653589793 0.0
8.028028028028029 0.14548498910285096 -0.14654901056359546 0.25 0.0 -3.141592653589793 0.0
8.048048048048049 0.14640876650141976 -0.14720345220898395 0.25 0.0 -3.141592653589793 0.0
8.068068068068069 0.14733664169597765 -0.1478520708740325 0.25 0.0 -3.141592653589793 0.0
8.088088088088089 0.14826857798222928 -0.1484948409010974 0.25 0.0 -3.141592653589793 0.0
8.108108108108109 0.14920453849523282 -0.14913173686389156 0.25 0.0 -3.141592653589793 0.0
8.128128128128129 0.1501444862108589 -0.14976273356849043 0.25 0.0 -3.141592653589793 0.0
8.148148148148149 0.15108838394725488 -0.15038780605432853 0.25 0.0 -3.141592653589793 0.0
8.168168168168169 0.15203619436631577 -0.15100692959518688 0.25 0.0 -3.141592653589793 0.0
8.188188188188189 0.152987879975161 -0.15162007970017108 0.25 0.0 -3.141592653589793 0.0
8.208208208208209 0.15394340312761795 -0.15222723211468006 0.25 0.0 -3.141592653589793 0.0
8.228228228228229 0.1549027260257107 -0.15282836282136558 0.25 0.0 -3.141592653589793 0.0
8.248248248248249 0.15586581072115552 -0.15342344804108227 0.25 0.0 -3.141592653589793 0.0
8.268268268268269 0.15683261911686183 -0.15401246423382833 0.25 0.0 -3.141592653589793 0.0
8.288288288288289 0.15780311296843935 -0.15459538809967666 0.25 0.0 -3.141592653589793 0.0
8.308308308308309 0.15877725388571087 -0.15517219657969641 0.25 0.0 -3.141592653589793 0.0
8.328328328328329 0.15975500333423087 -0.15574286685686545 0.25 0.0 -3.141592653589793 0.0
8.348348348348349 0.16073632263680987 -0.15630737635697267 0.25 0.0 -3.141592653589793 0.0
8.368368368368369 0.1617211729750443 -0.156865702749511 0.25 0.0 -3.141592653589793 0.0
8.388388388388389 0.16270951539085218 -0.15741782394856094 0.25 0.0 -3.141592653589793 0.0
8.408408408408409 0.1637013107880142 -0.15796371811366397 0.25 0.0 -3.141592653589793 0.0
8.428428428428429 0.1646965199337202 -0.15850336365068662 0.25 0.0 -3.141592653589793 0.0
8.448448448448449 0.16569510346012106 -0.15903673921267472 0.25 0.0 -3.141592653589793 0.0
8.468468468468469 0.16669702186588614 -0.15956382370069774 0.25 0.0 -3.141592653589793 0.0
8.488488488488489 0.1677022355177657 -0.16008459626468344 0.25 0.0 -3.141592653589793 0.0
8.508508508508509 0.16871070465215882 -0.16059903630424263 0.25 0.0 -3.141592653589793 0.0
8.528528528528529 0.16972238937668627 -0.1611071234694842 0.25 0.0 -3.141592653589793 0.0
8.548548548548549 0.17073724967176845 -0.1616088376618198 0.25 0.0 -3.141592653589793 0.0
8.568568568568569 0.1717552453922087 -0.16210415903475925 0.25 0.0 -3.141592653589793 0.0
8.588588588588589 0.17277633626878122 -0.1625930679946954 0.25 0.0 -3.141592653589793 0.0
8.608608608608609 0.17380048190982378 -0.16307554520167916 0.25 0.0 -3.141592653589793 0.0
8.62862862862863 0.17482764180283594 -0.16355157157018474 0.25 0.0 -3.141592653589793 0.0
8.64864864864865 0.1758577753160813 -0.1640211282698644 0.25 0.0 -3.141592653589793 0.0
8.66866866866867 0.17689084170019492 -0.16448419672629355 0.25 0.0 -3.141592653589793 0.0
8.68868868868869 0.17792680008979528 -0.16494075862170532 0.25 0.0 -3.141592653589793 0.0
8.70870870870871 0.1789656095051006 -0.16539079589571526 0.25 0.0 -3.141592653589793 0.0
8.72872872872873 0.1800072288535502 -0.1658342907460357 0.25 0.0 -3.141592653589793 0.0
8.74874874874875 0.18105161693142974 -0.16627122562918004 0.25 0.0 -3.141592653589793 0.0
8.76876876876877 0.18209873242550134 -0.16670158326115664 0.25 0.0 -3.141592653589793 0.0
8.78878878878879 0.18314853391463767 -0.1671253466181526 0.25 0.0 -3.141592653589793 0.0
8.80880880880881 0.1842009798714605 -0.16754249893720713 0.25 0.0 -3.141592653589793 0.0
8.82882882882883 0.1852560286639835 -0.1679530237168747 0.25 0.0 -3.141592653589793 0.0
8.84884884884885 0.18631363855725902 -0.1683569047178777 0.25 0.0 -3.141592653589793 0.0
8.86886886886887 0.1873737677150289 -0.16875412596374892 0.25 0.0 -3.141592653589793 0.0
8.88888888888889 0.1884363742013796 -0.1691446717414635 0.25 0.0 -3.141592653589793 0.0
8.90890890890891 0.18950141598240108 -0.16952852660206044 0.25 0.0 -3.141592653589793 0.0
8.92892892892893 0.19056885092784934 -0.1699056753612539 0.25 0.0 -3.141592653589793 0.0
8.94894894894895 0.19163863681281318 -0.1702761031000336 0.25 0.0 -3.141592653589793 0.0
8.96896896896897 0.1927107313193844 -0.17063979516525515 0.25 0.0 -3.141592653589793 0.0
8.98898898898899 0.19378509203833183 -0.17099673717021965 0.25 0.0 -3.141592653589793 0.0
9.00900900900901 0.19486167647077893 -0.17134691499524274 0.25 0.0 -3.141592653589793 0.0
9.02902902902903 0.19594044202988484 -0.17169031478821326 0.25 0.0 -3.141592653589793 0.0
9.04904904904905 0.1970213460425292 -0.172026922965141 0.25 0.0 -3.141592653589793 0.0
9.06906906906907 0.198104345751 -0.17235672621069434 0.25 0.0 -3.141592653589793 0.0
9.08908908908909 0.19918939831468502 -0.1726797114787266 0.25 0.0 -3.141592653589793 0.0
9.10910910910911 0.2002764608117666 -0.17299586599279249 0.25 0.0 -3.141592653589793 0.0
9.12912912912913 0.2013654902409192 -0.17330517724665317 0.25 0.0 -3.141592653589793 0.0
9.14914914914915 0.20245644352301084 -0.17360763300477125 0.25 0.0 -3.141592653589793 0.0
9.16916916916917 0.20354927750280694 -0.17390322130279462 0.25 0.0 -3.141592653589793 0.0
9.18918918918919 0.20464394895067745 -0.17419193044802977 0.25 0.0 -3.141592653589793 0.0
9.20920920920921 0.20574041456430692 -0.17447374901990437 0.25 0.0 -3.141592653589793 0.0
9.22922922922923 0.20683863097040747 -0.17474866587041896 0.25 0.0 -3.141592653589793 0.0
9.24924924924925 0.2079385547264345 -0.175016670124588 0.25 0.0 -3.141592653589793 0.0
9.26926926926927 0.2090401423223051 -0.17527775118087002 0.25 0.0 -3.141592653589793 0.0
9.28928928928929 0.21014335018211927 -0.17553189871158698 0.25 0.0 -3.141592653589793 0.0
9.30930930930931 0.21124813466588366 -0.17577910266333285 0.25 0.0 -3.141592653589793 0.0
9.32932932932933 0.2123544520712378 -0.17601935325737128 0.25 0.0 -3.141592653589793 0.0
9.34934934934935 0.21346225863518287 -0.1762526409900224 0.25 0.0 -3.141592653589793 0.0
9.36936936936937 0.214571510535813 -0.1764789566330388 0.25 0.0 -3.141592653589793 0.0
9.38938938938939 0.21568216389404835 -0.17669829123397043 0.25 0.0 -3.141592653589793 0.0
9.40940940940941 0.21679417477537133 -0.17691063611651905 0.25 0.0 -3.141592653589793 0.0
9.42942942942943 0.2179074991915643 -0.17711598288088107 0.25 0.0 -3.141592653589793 0.0
9.44944944944945 0.21902209310244952 -0.17731432340408007 0.25 0.0 -3.141592653589793 0.0
9.46946946946947 0.22013791241763153 -0.17750564984028805 0.25 0.0 -3.141592653589793 0.0
9.48948948948949 0.22125491299824104 -0.17768995462113582 0.25 0.0 -3.141592653589793 0.0
9.50950950950951 0.22237305065868102 -0.1778672304560123 0.25 0.0 -3.141592653589793 0.0
9.52952952952953 0.22349228116837452 -0.17803747033235304 0.25 0.0 -3.141592653589793 0.0
9.54954954954955 0.22461256025351445 -0.17820066751591748 0.25 0.0 -3.141592653589793 0.0
9.56956956956957 0.22573384359881477 -0.17835681555105545 0.25 0.0 -3.141592653589793 0.0
9.58958958958959 0.22685608684926356 -0.17850590826096252 0.25 0.0 -3.141592653589793 0.0
9.60960960960961 0.22797924561187768 -0.1786479397479243 0.25 0.0 -3.141592653589793 0.0
9.62962962962963 0.22910327545745854 -0.17878290439354974 0.25 0.0 -3.141592653589793 0.0
9.64964964964965 0.23022813192234998 -0.1789107968589934 0.25 0.0 -3.141592653589793 0.0
9.66966966966967 0.2313537705101969 -0.17903161208516666 0.25 0.0 -3.141592653589793 0.0
9.68968968968969 0.23248014669370548 -0.17914534529293782 0.25 0.0 -3.141592653589793 0.0
9.70970970970971 0.2336072159164046 -0.17925199198332112 0.25 0.0 -3.141592653589793 0.0
9.72972972972973 0.23473493359440828 -0.17935154793765476 0.25 0.0 -3.141592653589793 0.0
9.74974974974975 0.2358632551181794 -0.17944400921776776 0.25 0.0 -3.141592653589793 0.0
9.76976976976977 0.23699213585429427 -0.17952937216613568 0.25 0.0 -3.141592653589793 0.0
9.78978978978979 0.23812153114720824 -0.17960763340602554 0.25 0.0 -3.141592653589793 0.0
9.80980980980981 0.23925139632102213 -0.17967878984162894 0.25 0.0 -3.141592653589793 0.0
9.82982982982983 0.24038168668124957 -0.17974283865818505 0.25 0.0 -3.141592653589793 0.0
9.84984984984985 0.2415123575165849 -0.1797997773220916 0.25 0.0 -3.141592653589793 0.0
9.86986986986987 0.2426433641006719 -0.17984960358100519 0.25 0.0 -3.141592653589793 0.0
9.88988988988989 0.24377466169387285 -0.17989231546393042 0.25 0.0 -3.141592653589793 0.0
9.90990990990991 0.24490620554503872 -0.17992791128129787 0.25 0.0 -3.141592653589793 0.0
9.92992992992993 0.246037950893279 -0.1799563896250309 0.25 0.0 -3.141592653589793 0.0
9.94994994994995 0.24716985296973257 -0.17997774936860128 0.25 0.0 -3.141592653589793 0.0
9.96996996996997 0.24830186699933854 -0.17999198966707397 0.25 0.0 -3.141592653589793 0.0
9.98998998998999 0.2494339482026074 -0.17999910995714025 0.25 0.0 -3.141592653589793 0.0
10.01001001001001 0.2505660517973925 -0.17999910995714025 0.25 0.0 -3.141592653589793 0.0
10.03003003003003 0.25169813300066135 -0.17999198966707397 0.25 0.0 -3.141592653589793 0.0
10.05005005005005 0.2528301470302673 -0.17997774936860128 0.25 0.0 -3.141592653589793 0.0
10.07007007007007 0.2539620491067209 -0.1799563896250309 0.25 0.0 -3.141592653589793 0.0
10.09009009009009 0.25509379445496116 -0.1799279112812979 0.25 0.0 -3.141592653589793 0.0
10.11011011011011 0.25622533830612704 -0.17989231546393045 0.25 0.0 -3.141592653589793 0.0
10.13013013013013 0.25735663589932806 -0.1798496035810052 0.25 0.0 -3.141592653589793 0.0
10.15015015015015 0.258487642483415 -0.1797997773220916 0.25 0.0 -3.141592653589793 0.0
10.17017017017017 0.2596183133187503 -0.17974283865818505 0.25 0.0 -3.141592653589793 0.0
10.19019019019019 0.26074860367897773 -0.17967878984162897 0.25 0.0 -3.141592653589793 0.0
10.21021021021021 0.26187846885279165 -0.17960763340602554 0.25 0.0 -3.141592653589793 0.0
10.23023023023023 0.2630078641457056 -0.1795293721661357 0.25 0.0 -3.141592653589793 0.0
10.25025025025025 0.2641367448818205 -0.17944400921776776 0.25 0.0 -3.141592653589793 0.0
10.27027027027027 0.2652650664055916 -0.17935154793765476 0.25 0.0 -3.141592653589793 0.0
10.29029029029029 0.2663927840835953 -0.17925199198332112 0.25 0.0 -3.141592653589793 0.0
10.31031031031031 0.2675198533062944 -0.17914534529293782 0.25 0.0 -3.141592653589793 0.0
10.33033033033033 0.268646229489803 -0.17903161208516666 0.25 0.0 -3.141592653589793 0.0
10.35035035035035 0.2697718680776499 -0.17891079685899342 0.25 0.0 -3.141592653589793 0.0
10.37037037037037 0.2708967245425413 -0.17878290439354974 0.25 0.0 -3.141592653589793 0.0
10.39039039039039 0.2720207543881223 -0.1786479397479243 0.25 0.0 -3.141592653589793 0.0
10.41041041041041 0.27314391315073633 -0.17850590826096252 0.25 0.0 -3.141592653589793 0.0
10.43043043043043 0.2742661564011851 -0.17835681555105545 0.25 0.0 -3.141592653589793 0.0
10.45045045045045 0.27538743974648544 -0.17820066751591748 0.25 0.0 -3.141592653589793 0.0
10.47047047047047 0.27650771883162534 -0.17803747033235304 0.25 0.0 -3.141592653589793 0.0
10.49049049049049 0.2776269493413189 -0.17786723045601233 0.25 0.0 -3.141592653589793 0.0
10.51051051051051 0.2787450870017588 -0.17768995462113585 0.25 0.0 -3.141592653589793 0.0
10.53053053053053 0.27986208758236836 -0.17750564984028808 0.25 0.0 -3.141592653589793 0.0
10.55055055055055 0.28097790689755037 -0.17731432340408007 0.25 0.0 -3.141592653589793 0.0
10.57057057057057 0.2820925008084356 -0.1771159828808811 0.25 0.0 -3.141592653589793 0.0
10.59059059059059 0.28320582522462856 -0.17691063611651908 0.25 0.0 -3.141592653589793 0.0
10.61061061061061 0.2843178361059515 -0.1766982912339705 0.25 0.0 -3.141592653589793 0.0
10.63063063063063 0.28542848946418686 -0.17647895663303884 0.25 0.0 -3.141592653589793 0.0
10.65065065065065 0.286537741364817 -0.17625264099002244 0.25 0.0 -3.141592653589793 0.0
10.67067067067067 0.28764554792876207 -0.1760193532573713 0.25 0.0 -3.141592653589793 0.0
10.69069069069069 0.28875186533411623 -0.17577910266333288 0.25 0.0 -3.141592653589793 0.0
10.71071071071071 0.2898566498178806 -0.175531898711587 0.25 0.0 -3.141592653589793 0.0
10.73073073073073 0.2909598576776948 -0.17527775118087002 0.25 0.0 -3.141592653589793 0.0
10.75075075075075 0.29206144527356537 -0.17501667012458802 0.25 0.0 -3.141592653589793 0.0
10.77077077077077 0.2931613690295924 -0.17474866587041898 0.25 0.0 -3.141592653589793 0.0
10.79079079079079 0.29425958543569297 -0.1744737490199044 0.25 0.0 -3.141592653589793 0.0
10.81081081081081 0.29535605104932244 -0.1741919304480298 0.25 0.0 -3.141592653589793 0.0
10.83083083083083 0.29645072249719295 -0.17390322130279465 0.25 0.0 -3.141592653589793 0.0
10.85085085085085 0.29754355647698905 -0.17360763300477128 0.25 0.0 -3.141592653589793 0.0
10.87087087087087 0.2986345097590807 -0.1733051772466532 0.25 0.0 -3.141592653589793 0.0
10.89089089089089 0.2997235391882333 -0.1729958659927925 0.25 0.0 -3.141592653589793 0.0
10.91091091091091 0.30081060168531487 -0.17267971147872663 0.25 0.0 -3.141592653589793 0.0
10.93093093093093 0.3018956542489999 -0.17235672621069437 0.25 0.0 -3.141592653589793 0.0
10.95095095095095 0.3029786539574707 -0.17202692296514105 0.25 0.0 -3.141592653589793 0.0
10.97097097097097 0.304059557970115 -0.17169031478821328 0.25 0.0 -3.141592653589793 0.0
10.99099099099099 0.305138323529221 -0.1713469149952428 0.25 0.0 -3.141592653589793 0.0
11.01101101101101 0.30621490796166806 -0.17099673717021968 0.25 0.0 -3.141592653589793 0.0
11.03103103103103 0.30728926868061546 -0.1706397951652552 0.25 0.0 -3.141592653589793 0.0
11.05105105105105 0.3083613631871867 -0.17027610310003366 0.25 0.0 -3.141592653589793 0.0
11.07107107107107 0.3094311490721505 -0.16990567536125395 0.25 0.0 -3.141592653589793 0.0
11.09109109109109 0.31049858401759883 -0.16952852660206053 0.25 0.0 -3.141592653589793 0.0
11.11111111111111 0.3115636257986203 -0.16914467174146353 0.25 0.0 -3.141592653589793 0.0
11.13113113113113 0.312626232284971 -0.16875412596374897 0.25 0.0 -3.141592653589793 0.0
11.15115115115115 0.3136863614427409 -0.16835690471787773 0.25 0.0 -3.141592653589793 0.0
11.17117117117117 0.3147439713360164 -0.16795302371687473 0.25 0.0 -3.141592653589793 0.0
11.19119119119119 0.3157990201285394 -0.16754249893720718 0.25 0.0 -3.141592653589793 0.0
11.21121121121121 0.3168514660853622 -0.16712534661815265 0.25 0.0 -3.141592653589793 0.0
11.23123123123123 0.31790126757449855 -0.16670158326115667 0.25 0.0 -3.141592653589793 0.0
11.25125125125125 0.3189483830685701 -0.1662712256291801 0.25 0.0 -3.141592653589793 0.0
11.27127127127127 0.3199927711464497 -0.16583429074603573 0.25 0.0 -3.141592653589793 0.0
11.29129129129129 0.3210343904948993 -0.16539079589571531 0.25 0.0 -3.141592653589793 0.0
11.31131131131131 0.3220731999102046 -0.1649407586217054 0.25 0.0 -3.141592653589793 0.0
11.33133133133133 0.32310915829980497 -0.1644841967262936 0.25 0.0 -3.141592653589793 0.0
11.35135135135135 0.3241422246839186 -0.16402112826986445 0.25 0.0 -3.141592653589793 0.0
11.37137137137137 0.32517235819716395 -0.1635515715701848 0.25 0.0 -3.141592653589793 0.0
11.391391391391391 0.3261995180901761 -0.16307554520167922 0.25 0.0 -3.141592653589793 0.0
11.411411411411411 0.32722366373121875 -0.16259306799469542 0.25 0.0 -3.141592653589793 0.0
11.431431431431431 0.3282447546077912 -0.16210415903475933 0.25 0.0 -3.141592653589793 0.0
11.451451451451451 0.32926275032823143 -0.16160883766181985 0.25 0.0 -3.141592653589793 0.0
11.471471471471471 0.3302776106233136 -0.16110712346948425 0.25 0.0 -3.141592653589793 0.0
11.491491491491491 0.3312892953478411 -0.16059903630424271 0.25 0.0 -3.141592653589793 0.0
11.511511511511511 0.3322977644822342 -0.1600845962646835 0.25 0.0 -3.141592653589793 0.0
11.531531531531531 0.33330297813411375 -0.1595638237006978 0.25 0.0 -3.141592653589793 0.0
11.551551551551551 0.3343048965398788 -0.15903673921267478 0.25 0.0 -3.141592653589793 0.0
11.571571571571571 0.3353034800662797 -0.15850336365068668 0.25 0.0 -3.141592653589793 0.0
11.591591591591591 0.3362986892119857 -0.15796371811366403 0.25 0.0 -3.141592653589793 0.0
11.611611611611611 0.3372904846091477 -0.157417823948561 0.25 0.0 -3.141592653589793 0.0
11.631631631631631 0.3382788270249556 -0.1568657027495111 0.25 0.0 -3.141592653589793 0.0
11.651651651651651 0.33926367736319 -0.15630737635697273 0.25 0.0 -3.141592653589793 0.0
11.671671671671671 0.340244996665769 -0.1557428668568655 0.25 0.0 -3.141592653589793 0.0
11.691691691691691 0.34122274611428904 -0.15517219657969647 0.25 0.0 -3.141592653589793 0.0
11.711711711711711 0.34219688703156054 -0.1545953880996767 0.25 0.0 -3.141592653589793 0.0
11.731731731731731 0.3431673808831381 -0.15401246423382842 0.25 0.0 -3.141592653589793 0.0
11.751751751751751 0.3441341892788444 -0.15342344804108235 0.25 0.0 -3.141592653589793 0.0
11.771771771771771 0.3450972739742892 -0.15282836282136564 0.25 0.0 -3.141592653589793 0.0
11.791791791791791 0.346056596872382 -0.15222723211468012 0.25 0.0 -3.141592653589793 0.0
11.811811811811811 0.3470121200248389 -0.15162007970017113 0.25 0.0 -3.141592653589793 0.0
11.831831831831831 0.3479638056336841 -0.15100692959518697 0.25 0.0 -3.141592653589793 0.0
11.851851851851851 0.348911616052745 -0.1503878060543286 0.25 0.0 -3.141592653589793 0.0
11.871871871871871 0.349855513789141 -0.14976273356849049 0.25 0.0 -3.141592653589793 0.0
11.891891891891891 0.3507954615047671 -0.14913173686389164 0.25 0.0 -3.141592653589793 0.0
11.911911911911911 0.3517314220177706 -0.1484948409010975 0.25 0.0 -3.141592653589793 0.0
11.931931931931931 0.3526633583040222 -0.14785207087403257 0.25 0.0 -3.141592653589793 0.0
11.951951951951951 0.3535912334985801 -0.147203452208984 0.25 0.0 -3.141592653589793 0.0
11.971971971971971 0.35451501089714893 -0.14654901056359554 0.25 0.0 -3.141592653589793 0.0
11.991991991991991 0.35543465395753104 -0.14588877182585258 0.25 0.0 -3.141592653589793 0.0
12.012012012012011 0.3563501263010724 -0.1452227621130584 0.25 0.0 -3.141592653589793 0.0
12.032032032032031 0.35726139171410154 -0.14455100777080063 0.25 0.0 -3.141592653589793 0.0
12.052052052052051 0.35816841414936207 -0.14387353537190947 0.25 0.0 -3.141592653589793 0.0
12.072072072072071 0.3590711577274386 -0.14319037171540622 0.25 0.0 -3.141592653589793 0.0
12.092092092092091 0.35996958673817603 -0.14250154382544342 0.25 0.0 -3.141592653589793 0.0
12.112112112112111 0.36086366564209227 -0.14180707895023567 0.25 0.0 -3.141592653589793 0.0
12.132132132132131 0.36175335907178374 -0.14110700456098188 0.25 0.0 -3.141592653589793 0.0
12.152152152152151 0.362638631833325 -0.14040134835077855 0.25 0.0 -3.141592653589793 0.0
12.172172172172171 0.36351944890766025 -0.13969013823352422 0.25 0.0 -3.141592653589793 0.0
12.192192192192191 0.3643957754519891 -0.13897340234281552 0.25 0.0 -3.141592653589793 0.0
12.212212212212211 0.36526757680114463 -0.13825116903083395 0.25 0.0 -3.141592653589793 0.0
12.232232232232231 0.3661348184689648 -0.13752346686722453 0.25 0.0 -3.141592653589793 0.0
12.252252252252251 0.36699746614965634 -0.1367903246379656 0.25 0.0 -3.141592653589793 0.0
12.272272272272271 0.3678554857191523 -0.1360517713442302 0.25 0.0 -3.141592653589793 0.0
12.292292292292291 0.36870884323646125 -0.13530783620123882 0.25 0.0 -3.141592653589793 0.0
12.312312312312311 0.36955750494501044 -0.13455854863710368 0.25 0.0 -3.141592653589793 0.0
12.332332332332332 0.37040143727398106 -0.13380393829166468 0.25 0.0 -3.141592653589793 0.0
12.352352352352352 0.3712406068396358 -0.13304403501531686 0.25 0.0 -3.141592653589793 0.0
12.372372372372372 0.3720749804466399 -0.13227886886782972 0.25 0.0 -3.141592653589793 0.0
12.392392392392392 0.37290452508937394 -0.13150847011715802 0.25 0.0 -3.141592653589793 0.0
12.412412412412412 0.3737292079532398 -0.13073286923824454 0.25 0.0 -3.141592653589793 0.0
12.432432432432432 0.3745489964159583 -0.12995209691181442 0.25 0.0 -3.141592653589793 0.0
12.452452452452452 0.37536385804885986 -0.12916618402316182 0.25 0.0 -3.141592653589793 0.0
12.472472472472472 0.3761737606181675 -0.12837516166092786 0.25 0.0 -3.141592653589793 0.0
12.492492492492492 0.3769786720862715 -0.12757906111587092 0.25 0.0 -3.141592653589793 0.0
12.512512512512512 0.3777785606129971 -0.126777913879629 0.25 0.0 -3.141592653589793 0.0
12.532532532532532 0.37857339455686373 -0.1259717516434738 0.25 0.0 -3.141592653589793 0.0
12.552552552552552 0.37936314247633685 -0.12516060629705728 0.25 0.0 -3.141592653589793 0.0
12.572572572572572 0.3801477731310716 -0.12434450992715002 0.25 0.0 -3.141592653589793 0.0
12.592592592592592 0.3809272554831487 -0.1235234948163721 0.25 0.0 -3.141592653589793 0.0
12.612612612612612 0.381701558698302 -0.12269759344191598 0.25 0.0 -3.141592653589793 0.0
12.632632632632632 0.38247065214713855 -0.1218668384742618 0.25 0.0 -3.141592653589793 0.0
12.652652652652652 0.38323450540634973 -0.12103126277588512 0.25 0.0 -3.141592653589793 0.0
12.672672672672672 0.3839930882599153 -0.12019089939995681 0.25 0.0 -3.141592653589793 0.0
12.692692692692692 0.38474637070029827 -0.11934578158903562 0.25 0.0 -3.141592653589793 0.0
12.712712712712712 0.3854943229296318 -0.1184959427737534 0.25 0.0 -3.141592653589793 0.0
12.732732732732732 0.38623691536089844 -0.1176414165714923 0.25 0.0 -3.141592653589793 0.0
12.752752752752752 0.3869741186191 -0.11678223678505521 0.25 0.0 -3.141592653589793 0.0
12.772772772772772 0.3877059035424202 -0.11591843740132834 0.25 0.0 -3.141592653589793 0.0
12.792792792792792 0.38843224118337694 -0.1150500525899374 0.25 0.0 -3.141592653589793 0.0
12.812812812812812 0.3891531028099692 -0.11417711670189504 0.25 0.0 -3.141592653589793 0.0
12.832832832832834 0.38986845990681196 -0.11329966426824284 0.25 0.0 -3.141592653589793 0.0
12.852852852852854 0.39057828417626506 -0.11241772999868507 0.25 0.0 -3.141592653589793 0.0
12.872872872872874 0.39128254753955277 -0.11153134878021517 0.25 0.0 -3.141592653589793 0.0
12.892892892892894 0.39198122213787356 -0.1106405556757367 0.25 0.0 -3.141592653589793 0.0
12.912912912912914 0.39267428033350327 -0.10974538592267527 0.25 0.0 -3.141592653589793 0.0
12.932932932932934 0.3933616947108871 -0.10884587493158565 0.25 0.0 -3.141592653589793 0.0
12.952952952952954 0.39404343807772574 -0.10794205828475009 0.25 0.0 -3.141592653589793 0.0
12.972972972972974 0.39471948346604924 -0.10703397173477168 0.25 0.0 -3.141592653589793 0.0
12.992992992992994 0.39538980413328517 -0.10612165120315913 0.25 0.0 -3.141592653589793 0.0
13.013013013013014 0.39605437356331574 -0.10520513277890679 0.25 0.0 -3.141592653589793 0.0
13.033033033033034 0.39671316546752716 -0.1042844527170661 0.25 0.0 -3.141592653589793 0.0
13.053053053053054 0.39736615378584894 -0.10335964743731237 0.25 0.0 -3.141592653589793 0.0
13.073073073073074 0.3980133126877856 -0.10243075352250315 0.25 0.0 -3.141592653589793 0.0
13.093093093093094 0.39865461657343776 -0.10149780771723202 0.25 0.0 -3.141592653589793 0.0
13.113113113113114 0.39929004007451485 -0.10056084692637464 0.25 0.0 -3.141592653589793 0.0
13.133133133133134 0.3999195580553392 -0.09961990821362855 0.25 0.0 -3.141592653589793 0.0
13.153153153153154 0.40054314561383964 -0.09867502880004785 0.25 0.0 -3.141592653589793 0.0
13.173173173173174 0.40116077808253714 -0.09772624606256991 0.25 0.0 -3.141592653589793 0.0
13.193193193193194 0.40177243102952 -0.0967735975325378 0.25 0.0 -3.141592653589793 0.0
13.213213213213214 0.4023780802594109 -0.0958171208942146 0.25 0.0 -3.141592653589793 0.0
13.233233233233234 0.40297770181432346 -0.09485685398329384 0.25 0.0 -3.141592653589793 0.0
13.253253253253254 0.4035712719748107 -0.09389283478540164 0.25 0.0 -3.141592653589793 0.0
13.273273273273274 0.4041587672608022 -0.0929251014345953 0.25 0.0 -3.141592653589793 0.0
13.293293293293294 0.40474016443253413 -0.0919536922118536 0.25 0.0 -3.141592653589793 0.0
13.313313313313314 0.4053154404914675 -0.09097864554356373 0.25 0.0 -3.141592653589793 0.0
13.333333333333334 0.40588457268119893 -0.09000000000000008 0.25 0.0 -3.141592653589793 0.0
13.353353353353354 0.4064475384883598 -0.08901779429379937 0.25 0.0 -3.141592653589793 0.0
13.373373373373374 0.4070043156435075 -0.0880320672784291 0.25 0.0 -3.141592653589793 0.0
13.393393393393394 0.4075548821220063 -0.08704285794665001 0.25 0.0 -3.141592653589793 0.0
13.413413413413414 0.4080992161448983 -0.08605020542897458 0.25 0.0 -3.141592653589793 0.0
13.433433433433434 0.40863729617976524 -0.08505414899211818 0.25 0.0 -3.141592653589793 0.0
13.453453453453454 0.40916910094157993 -0.08405472803744674 0.25 0.0 -3.141592653589793 0.0
13.473473473473474 0.40969460939354874 -0.08305198209941714 0.25 0.0 -3.141592653589793 0.0
13.493493493493494 0.410213800747943 -0.08204595084401434 0.25 0.0 -3.141592653589793 0.0
13.513513513513514 0.4107266544669223 -0.08103667406718125 0.25 0.0 -3.141592653589793 0.0
13.533533533533534 0.4112331502633459 -0.08002419169324561 0.25 0.0 -3.141592653589793 0.0
13.553553553553554 0.41173326810157607 -0.07900854377333956 0.25 0.0 -3.141592653589793 0.0
13.573573573573574 0.41222698819827 -0.07798977048381647 0.25 0.0 -3.141592653589793 0.0
13.593593593593594 0.4127142910231628 -0.07696791212466052 0.25 0.0 -3.141592653589793 0.0
13.613613613613614 0.4131951572998401 -0.07594300911789349 0.25 0.0 -3.141592653589793 0.0
13.633633633633634 0.4136695680064999 -0.07491510200597547 0.25 0.0 -3.141592653589793 0.0
13.653653653653654 0.41413750437670604 -0.07388423145020051 0.25 0.0 -3.141592653589793 0.0
13.673673673673674 0.41459894790012974 -0.07285043822908933 0.25 0.0 -3.141592653589793 0.0
13.693693693693694 0.4150538803232824 -0.07181376323677498 0.25 0.0 -3.141592653589793 0.0
13.713713713713714 0.4155022836502369 -0.07077424748138633 0.25 0.0 -3.141592653589793 0.0
13.733733733733734 0.41594414014334047 -0.06973193208342479 0.25 0.0 -3.141592653589793 0.0
13.753753753753754 0.41637943232391544 -0.06868685827413885 0.25 0.0 -3.141592653589793 0.0
13.773773773773774 0.41680814297295127 -0.06763906739389186 0.25 0.0 -3.141592653589793 0.0
13.793793793793794 0.41723025513178524 -0.06658860089052793 0.25 0.0 -3.141592653589793 0.0
13.813813813813814 0.4176457521027737 -0.06553550031773114 0.25 0.0 -3.141592653589793 0.0
13.833833833833834 0.4180546174499522 -0.06447980733338309 0.25 0.0 -3.141592653589793 0.0
13.853853853853854 0.4184568349996861 -0.06342156369791366 0.25 0.0 -3.141592653589793 0.0
13.873873873873874 0.4188523888413098 -0.062360811272650245 0.25 0.0 -3.141592653589793 0.0
13.893893893893894 0.4192412633277566 -0.06129759201816135 0.25 0.0 -3.141592653589793 0.0
13.913913913913914 0.4196234430761774 -0.060231947992596284 0.25 0.0 -3.141592653589793 0.0
13.933933933933934 0.4199989129685492 -0.059163921350022505 0.25 0.0 -3.141592653589793 0.0
13.953953953953954 0.4203676581522734 -0.058093554338756896 0.25 0.0 -3.141592653589793 0.0
13.973973973973974 0.42072966404076306 -0.05702088929969581 0.25 0.0 -3.141592653589793 0.0
13.993993993993994 0.42108491631402006 -0.05594596866463886 0.25 0.0 -3.141592653589793 0.0
14.014014014014014 0.42143340091920123 -0.05486883495461171 0.25 0.0 -3.141592653589793 0.0
14.034034034034034 0.4217751040711748 -0.05378953077818282 0.25 0.0 -3.141592653589793 0.0
14.054054054054054 0.4221100122530651 -0.05270809882977921 0.25 0.0 -3.141592653589793 0.0
14.074074074074074 0.42243811221678795 -0.05162458188799632 0.25 0.0 -3.141592653589793 0.0
14.094094094094094 0.422759390983574 -0.050539022813906875 0.25 0.0 -3.141592653589793 0.0
14.114114114114114 0.42307383584448255 -0.049451464549365 0.25 0.0 -3.141592653589793 0.0
14.134134134134134 0.42338143436090425 -0.048361950115307036 0.25 0.0 -3.141592653589793 0.0
14.154154154154154 0.42368217436505295 -0.047270522610050845 0.25 0.0 -3.141592653589793 0.0
14.174174174174174 0.4239760439604474 -0.04617722520758974 0.25 0.0 -3.141592653589793 0.0
14.194194194194194 0.4242630315223813 -0.045082101155885845 0.25 0.0 -3.141592653589793 0.0
14.214214214214214 0.42454312569838376 -0.043985193775158096 0.25 0.0 -3.141592653589793 0.0
14.234234234234235 0.4248163154086677 -0.04288654645616982 0.25 0.0 -3.141592653589793 0.0
14.254254254254255 0.42508258984656877 -0.041786202658511136 0.25 0.0 -3.141592653589793 0.0
14.274274274274275 0.4253419384789725 -0.040684205908880965 0.25 0.0 -3.141592653589793 0.0
14.294294294294295 0.42559435104673093 -0.03958059979936405 0.25 0.0 -3.141592653589793 0.0
14.314314314314315 0.4258398175650686 -0.038475427985707765 0.25 0.0 -3.141592653589793 0.0
14.334334334334335 0.4260783283239775 -0.03736873418559403 0.25 0.0 -3.141592653589793 0.0
14.354354354354355 0.426309873888601 -0.03626056217691094 0.25 0.0 -3.141592653589793 0.0
14.374374374374375 0.42653444509960714 -0.0351509557960207 0.25 0.0 -3.141592653589793 0.0
14.394394394394395 0.4267520330735512 -0.03403995893602495 0.25 0.0 -3.141592653589793 0.0
14.414414414414415 0.4269626292032267 -0.0329276155450297 0.25 0.0 -3.141592653589793 0.0
14.434434434434435 0.42716622515800634 -0.031813969624405525 0.25 0.0 -3.141592653589793 0.0
14.454454454454455 0.42736281288417094 -0.030699065227048267 0.25 0.0 -3.141592653589793 0.0
14.474474474474475 0.4275523846052286 -0.02958294645563515 0.25 0.0 -3.141592653589793 0.0
14.494494494494495 0.42773493282222197 -0.02846565746088148 0.25 0.0 -3.141592653589793 0.0
14.514514514514515 0.4279104503140251 -0.02734724243979287 0.25 0.0 -3.141592653589793 0.0
14.534534534534535 0.4280789301376288 -0.0262277456339182 0.25 0.0 -3.141592653589793 0.0
14.554554554554555 0.4282403656284157 -0.025107211327598272 0.25 0.0 -3.141592653589793 0.0
14.574574574574575 0.4283947504004235 -0.023985683846215307 0.25 0.0 -3.141592653589793 0.0
14.594594594594595 0.42854207834659785 -0.022863207554438256 0.25 0.0 -3.141592653589793 0.0
14.614614614614615 0.4286823436390337 -0.021739826854469017 0.25 0.0 -3.141592653589793 0.0
14.634634634634635 0.4288155407292059 -0.02061558618428546 0.25 0.0 -3.141592653589793 0.0
14.654654654654655 0.42894166434818903 -0.01949053001588315 0.25 0.0 -3.141592653589793 0.0
14.674674674674675 0.42906070950686537 -0.018364702853517247 0.25 0.0 -3.141592653589793 0.0
14.694694694694695 0.42917267149612226 -0.01723814923194075 0.25 0.0 -3.141592653589793 0.0
14.714714714714715 0.42927754588703876 -0.016110913714644112 0.25 0.0 -3.141592653589793 0.0
14.734734734734735 0.4293753285310606 -0.014983040892091147 0.25 0.0 -3.141592653589793 0.0
14.754754754754755 0.42946601556016417 -0.013854575379956423 0.25 0.0 -3.141592653589793 0.0
14.774774774774775 0.4295496033870099 -0.0127255618173591 0.25 0.0 -3.141592653589793 0.0
14.794794794794795 0.4296260887050838 -0.011596044865098413 0.25 0.0 -3.141592653589793 0.0
14.814814814814815 0.4296954684888282 -0.010466069203885722 0.25 0.0 -3.141592653589793 0.0
14.834834834834835 0.42975773999376216 -0.009335679532578347 0.25 0.0 -3.141592653589793 0.0
14.854854854854855 0.42981290075658896 -0.00820492056641011 0.25 0.0 -3.141592653589793 0.0
14.874874874874875 0.4298609485952943 -0.007073837035223652 0.25 0.0 -3.141592653589793 0.0
14.894894894894895 0.4299018816092325 -0.005942473681700538 0.25 0.0 -3.141592653589793 0.0
14.914914914914915 0.4299356981792014 -0.0048108752595908974 0.25 0.0 -3.141592653589793 0.0
14.934934934934935 0.4299623969675067 -0.00367908653194419 0.25 0.0 -3.141592653589793 0.0
14.954954954954955 0.42998197691801476 -0.0025471522693372175 0.25 0.0 -3.141592653589793 0.0
14.974974974974975 0.42999443725619446 -0.001415117248104404 0.25 0.0 -3.141592653589793 0.0
14.994994994994995 0.4299997774891475 -0.00028302624856527857 0.25 0.0 -3.141592653589793 0.0
15.015015015015015 0.4299979974056285 0.0008490759467456362 0.25 0.0 -3.141592653589793 0.0
15.035035035035035 0.4299890970760528 0.001981144554851582 0.25 0.0 -3.141592653589793 0.0
15.055055055055055 0.4299730768524941 0.0031131347941037828 0.25 0.0 -3.141592653589793 0.0
15.075075075075075 0.42994993736866993 0.004245001885954165 0.25 0.0 -3.141592653589793 0.0
15.095095095095095 0.4299196795399175 0.005376701056725406 0.25 0.0 -3.141592653589793 0.0
15.115115115115115 0.42988230456315657 0.0065081875393833335 0.25 0.0 -3.141592653589793 0.0
15.135135135135135 0.42983781391684267 0.0076394165753066795 0.25 0.0 -3.141592653589793 0.0
15.155155155155155 0.42978620936090844 0.008770343416058087 0.25 0.0 -3.141592653589793 0.0
15.175175175175175 0.429727492936694 0.009900923325154725 0.25 0.0 -3.141592653589793 0.0
15.195195195195195 0.42966166696686636 0.011031111579836824 0.25 0.0 -3.141592653589793 0.0
15.215215215215215 0.42958873405532705 0.01216086347283807 0.25 0.0 -3.141592653589793 0.0
15.235235235235235 0.42950869708710987 0.013290134314152822 0.25 0.0 -3.141592653589793 0.0
15.255255255255255 0.4294215592282662 0.014418879432805221 0.25 0.0 -3.141592653589793 0.0
15.275275275275275 0.4293273239257398 0.01554705417861497 0.25 0.0 -3.141592653589793 0.0
15.295295295295295 0.4292259949072308 0.01667461392396485 0.25 0.0 -3.141592653589793 0.0
15.315315315315315 0.4291175761810479 0.017801514065564808 0.25 0.0 -3.141592653589793 0.0
15.335335335335335 0.42900207203595 0.018927710026217612 0.25 0.0 -3.141592653589793 0.0
15.355355355355355 0.42887948704097634 0.02005315725658092 0.25 0.0 -3.141592653589793 0.0
15.375375375375375 0.4287498260452662 0.02117781123693085 0.25 0.0 -3.141592653589793 0.0
15.395395395395395 0.42861309417786647 0.022301627478921893 0.25 0.0 -3.141592653589793 0.0
15.415415415415415 0.42846929684752927 0.023424561527347277 0.25 0.0 -3.141592653589793 0.0
15.435435435435435 0.4283184397424977 0.024546568961897955 0.25 0.0 -3.141592653589793 0.0
15.455455455455455 0.428160528830281 0.025667605398918634 0.25 0.0 -3.141592653589793 0.0
15.475475475475475 0.4279955703574184 0.026787626493164778 0.25 0.0 -3.141592653589793 0.0
15.495495495495495 0.42782357084923206 0.02790658793955548 0.25 0.0 -3.141592653589793 0.0
15.515515515515515 0.42764453710956885 0.029024445474927354 0.25 0.0 -3.141592653589793 0.0
15.535535535535535 0.42745847622053124 0.03014115487978418 0.25 0.0 -3.141592653589793 0.0
15.555555555555555 0.42726539554219745 0.03125667198004739 0.25 0.0 -3.141592653589793 0.0
15.575575575575575 0.42706530271232984 0.032370952648802215 0.25 0.0 -3.141592653589793 0.0
15.595595595595595 0.426858205646073 0.033483952808044476 0.25 0.0 -3.141592653589793 0.0
15.615615615615615 0.4266441125356407 0.03459562843042295 0.25 0.0 -3.141592653589793 0.0
15.635635635635635 0.4264230318499918 0.035705935540982225 0.25 0.0 -3.141592653589793 0.0
15.655655655655655 0.42619497233449505 0.03681483021890113 0.25 0.0 -3.141592653589793 0.0
15.675675675675675 0.42595994301058354 0.03792226859923063 0.25 0.0 -3.141592653589793 0.0
15.695695695695695 0.4257179531753973 0.03902820687462941 0.25 0.0 -3.141592653589793 0.0
15.715715715715715 0.4254690124014162 0.04013260129709577 0.25 0.0 -3.141592653589793 0.0
15.735735735735735 0.42521313053608045 0.04123540817969935 0.25 0.0 -3.141592653589793 0.0
15.755755755755755 0.42495031770140207 0.042336583898308064 0.25 0.0 -3.141592653589793 0.0
15.775775775775776 0.4246805842935635 0.043436084893315005 0.25 0.0 -3.141592653589793 0.0
15.795795795795796 0.42440394098250694 0.04453386767136029 0.25 0.0 -3.141592653589793 0.0
15.815815815815816 0.42412039871151225 0.04562988880705278 0.25 0.0 -3.141592653589793 0.0
15.835835835835836 0.42382996869676387 0.04672410494468665 0.25 0.0 -3.141592653589793 0.0
15.855855855855856 0.4235326624269071 0.04781647279995765 0.25 0.0 -3.141592653589793 0.0
15.875875875875876 0.4232284916625941 0.048906949161674096 0.25 0.0 -3.141592653589793 0.0
15.895895895895896 0.4229174684360178 0.0499954908934674 0.25 0.0 -3.141592653589793 0.0
15.915915915915916 0.4225996050504369 0.051082054935497404 0.25 0.0 -3.141592653589793 0.0
15.935935935935936 0.42227491407968876 0.0521665983061561 0.25 0.0 -3.141592653589793 0.0
15.955955955955956 0.4219434083676916 0.053249078103768395 0.25 0.0 -3.141592653589793 0.0
15.975975975975976 0.4216051010279373 0.05432945150828809 0.25 0.0 -3.141592653589793 0.0
15.995995995995996 0.4212600054429718 0.055407675782992945 0.25 0.0 -3.141592653589793 0.0
16.016016016016017 0.42090813526386645 0.05648370827617403 0.25 0.0 -3.141592653589793 0.0
16.036036036036037 0.42054950440967737 0.05755750642282408 0.25 0.0 -3.141592653589793 0.0
16.056056056056057 0.42018412706689545 0.058629027746320145 0.25 0.0 -3.141592653589793 0.0
16.076076076076077 0.41981201768888465 0.05969822986010495 0.25 0.0 -3.141592653589793 0.0
16.096096096096097 0.4194331909953106 0.060765070469362456 0.25 0.0 -3.141592653589793 0.0
16.116116116116117 0.41904766197155824 0.0618295073726921 0.25 0.0 -3.141592653589793 0.0
16.136136136136138 0.4186554458681389 0.06289149846377699 0.25 0.0 -3.141592653589793 0.0
16.156156156156158 0.4182565582000872 0.06395100173305075 0.25 0.0 -3.141592653589793 0.0
16.176176176176178 0.41785101474634734 0.06500797526935817 0.25 0.0 -3.141592653589793 0.0
16.196196196196198 0.41743883154914885 0.06606237726161365 0.25 0.0 -3.141592653589793 0.0
16.216216216216218 0.4170200249133717 0.06711416600045551 0.25 0.0 -3.141592653589793 0.0
16.236236236236238 0.4165946114059021 0.06816329987989489 0.25 0.0 -3.141592653589793 0.0
16.256256256256258 0.4161626078549763 0.06920973739896279 0.25 0.0 -3.141592653589793 0.0
16.276276276276278 0.4157240313495154 0.07025343716335046 0.25 0.0 -3.141592653589793 0.0
16.296296296296298 0.4152788992384493 0.07129435788704817 0.25 0.0 -3.141592653589793 0.0
16.316316316316318 0.4148272291300305 0.07233245839397706 0.25 0.0 -3.141592653589793 0.0
16.336336336336338 0.414369038891137 0.07336769761961924 0.25 0.0 -3.141592653589793 0.0
16.356356356356358 0.4139043466465665 0.07440003461264096 0.25 0.0 -3.141592653589793 0.0
16.376376376376378 0.4134331707783183 0.0754294285365137 0.25 0.0 -3.141592653589793 0.0
16.396396396396398 0.4129555299248675 0.07645583867112843 0.25 0.0 -3.141592653589793 0.0
16.416416416416418 0.41247144298042615 0.07747922441440756 0.25 0.0 -3.141592653589793 0.0
16.436436436436438 0.41198092909419726 0.07849954528390996 0.25 0.0 -3.141592653589793 0.0
16.456456456456458 0.41148400766961657 0.07951676091843285 0.25 0.0 -3.141592653589793 0.0
16.476476476476478 0.4109806983635849 0.0805308310796088 0.25 0.0 -3.141592653589793 0.0
16.496496496496498 0.4104710210856911 0.08154171565349641 0.25 0.0 -3.141592653589793 0.0
16.516516516516518 0.4099549959974241 0.0825493746521683 0.25 0.0 -3.141592653589793 0.0
16.536536536536538 0.4094326435113753 0.08355376821529177 0.25 0.0 -3.141592653589793 0.0
16.556556556556558 0.40890398429043157 0.08455485661170668 0.25 0.0 -3.141592653589793 0.0
16.576576576576578 0.40836903924695733 0.08555260024099605 0.25 0.0 -3.141592653589793 0.0
16.596596596596598 0.40782782954196767 0.08654695963505359 0.25 0.0 -3.141592653589793 0.0
16.616616616616618 0.40728037658429117 0.08753789545964387 0.25 0.0 -3.141592653589793 0.0
16.636636636636638 0.406726702029723 0.08852536851595942 0.25 0.0 -3.141592653589793 0.0
16.656656656656658 0.4061668277801683 0.08950933974217018 0.25 0.0 -3.141592653589793 0.0
16.676676676676678 0.4056007759827758 0.09048977021496983 0.25 0.0 -3.141592653589793 0.0
16.696696696696698 0.4050285690290616 0.09146662115111444 0.25 0.0 -3.141592653589793 0.0
16.716716716716718 0.40445022955402377 0.09243985390895719 0.25 0.0 -3.141592653589793 0.0
16.736736736736738 0.4038657804352467 0.09340942998997721 0.25 0.0 -3.141592653589793 0.0
16.756756756756758 0.4032752447919961 0.0943753110403016 0.25 0.0 -3.141592653589793 0.0
16.776776776776778 0.4026786459843045 0.09533745885222364 0.25 0.0 -3.141592653589793 0.0
16.796796796796798 0.4020760076120473 0.09629583536571318 0.25 0.0 -3.141592653589793 0.0
16.816816816816818 0.4014673535140091 0.0972504026699232 0.25 0.0 -3.141592653589793 0.0
16.836836836836838 0.4008527077669408 0.0982011230046884 0.25 0.0 -3.141592653589793 0.0
16.856856856856858 0.4002320946846072 0.09914795876202004 0.25 0.0 -3.141592653589793 0.0
16.876876876876878 0.3996055388168249 0.10009087248759242 0.25 0.0 -3.141592653589793 0.0
16.896896896896898 0.39897306494849166 0.10102982688222564 0.25 0.0 -3.141592653589793 0.0
16.916916916916918 0.3983346980986056 0.10196478480336008 0.25 0.0 -3.141592653589793 0.0
16.936936936936938 0.39769046351927584 0.10289570926652607 0.25 0.0 -3.141592653589793 0.0
16.956956956956958 0.39704038669472297 0.1038225634468073 0.25 0.0 -3.141592653589793 0.0
16.976976976976978 0.39638449334027204 0.10474531068029662 0.25 0.0 -3.141592653589793 0.0
16.996996996996998 0.395722809401334 0.10566391446554732 0.25 0.0 -3.141592653589793 0.0
17.017017017017018 0.3950553610523805 0.10657833846501609 0.25 0.0 -3.141592653589793 0.0
17.037037037037038 0.3943821746959079 0.10748854650650144 0.25 0.0 -3.141592653589793 0.0
17.057057057057058 0.3937032769613932 0.10839450258457359 0.25 0.0 -3.141592653589793 0.0
17.077077077077078 0.3930186947042399 0.10929617086199964 0.25 0.0 -3.141592653589793 0.0
17.097097097097098 0.39232845500471697 0.11019351567116033 0.25 0.0 -3.141592653589793 0.0
17.117117117117118 0.39163258516688626 0.11108650151546186 0.25 0.0 -3.141592653589793 0.0
17.137137137137138 0.39093111271752345 0.11197509307073915 0.25 0.0 -3.141592653589793 0.0
17.157157157157158 0.39022406540502846 0.11285925518665403 0.25 0.0 -3.141592653589793 0.0
17.177177177177178 0.3895114711983283 0.11373895288808494 0.25 0.0 -3.141592653589793 0.0
17.197197197197198 0.38879335828577055 0.1146141513765108 0.25 0.0 -3.141592653589793 0.0
17.217217217217218 0.38806975507400776 0.11548481603138787 0.25 0.0 -3.141592653589793 0.0
17.237237237237238 0.387340690186875 0.11635091241151836 0.25 0.0 -3.141592653589793 0.0
17.25725725725726 0.38660619246425604 0.11721240625641398 0.25 0.0 -3.141592653589793 0.0
17.27727727727728 0.3858662909609439 0.11806926348765007 0.25 0.0 -3.141592653589793 0.0
17.2972972972973 0.38512101494549045 0.11892145021021461 0.25 0.0 -3.141592653589793 0.0
17.31731731731732 0.3843703938990495 0.11976893271384817 0.25 0.0 -3.141592653589793 0.0
17.33733733733734 0.38361445751420975 0.12061167747437825 0.25 0.0 -3.141592653589793 0.0
17.35735735735736 0.3828532356938211 0.12144965115504454 0.25 0.0 -3.141592653589793 0.0
17.37737737737738 0.382086758549811 0.12228282060781849 0.25 0.0 -3.141592653589793 0.0
17.3973973973974 0.38131505640199403 0.12311115287471369 0.25 0.0 -3.141592653589793 0.0
17.41741741741742 0.38053815977687155 0.1239346151890905 0.25 0.0 -3.141592653589793 0.0
17.43743743743744 0.3797560994064253 0.12475317497695146 0.25 0.0 -3.141592653589793 0.0
17.45745745745746 0.37896890622690105 0.12556679985823002 0.25 0.0 -3.141592653589793 0.0
17.47747747747748 0.3781766113775846 0.12637545764807204 0.25 0.0 -3.141592653589793 0.0
17.4974974974975 0.37737924619957086 0.12717911635810772 0.25 0.0 -3.141592653589793 0.0
17.51751751751752 0.37657684223452315 0.12797774419771835 0.25 0.0 -3.141592653589793 0.0
17.53753753753754 0.3757694312234262 0.12877130957529265 0.25 0.0 -3.141592653589793 0.0
17.55755755755756 0.3749570451053301 0.12955978109947738 0.25 0.0 -3.141592653589793 0.0
17.57757757757758 0.37413971601608725 0.13034312758041833 0.25 0.0 -3.141592653589793 0.0
17.5975975975976 0.3733174762870806 0.13112131803099492 0.25 0.0 -3.141592653589793 0.0
17.61761761761762 0.37249035844394557 0.13189432166804504 0.25 0.0 -3.141592653589793 0.0
17.63763763763764 0.3716583952052823 0.13266210791358377 0.25 0.0 -3.141592653589793 0.0
17.65765765765766 0.3708216194813626 0.1334246463960119 0.25 0.0 -3.141592653589793 0.0
17.67767767767768 0.36998006437282704 0.13418190695131843 0.25 0.0 -3.141592653589793 0.0
17.6976976976977 0.36913376316937624 0.13493385962427282 0.25 0.0 -3.141592653589793 0.0
17.71771771771772 0.36828274934845406 0.13568047466961042 0.25 0.0 -3.141592653589793 0.0
17.73773773773774 0.3674270565739224 0.13642172255320933 0.25 0.0 -3.141592653589793 0.0
17.75775775775776 0.366566718694731 0.137157573953258 0.25 0.0 -3.141592653589793 0.0
17.77777777777778 0.36570176974357715 0.137887999761416 0.25 0.0 -3.141592653589793 0.0
17.7977977977978 0.36483224393556024 0.1386129710839645 0.25 0.0 -3.141592653589793 0.0
17.81781781781782 0.36395817566682787 0.13933245924295026 0.25 0.0 -3.141592653589793 0.0
17.83783783783784 0.3630795995132157 0.140046435777319 0.25 0.0 -3.141592653589793 0.0
17.85785785785786 0.3621965502288791 0.14075487244404228 0.25 0.0 -3.141592653589793 0.0
17.87787787787788 0.3613090627449189 0.14145774121923377 0.25 0.0 -3.141592653589793 0.0
17.8978978978979 0.3604171721679992 0.14215501429925861 0.25 0.0 -3.141592653589793 0.0
17.91791791791792 0.35952091377895923 0.14284666410183255 0.25 0.0 -3.141592653589793 0.0
17.93793793793794 0.3586203230314168 0.14353266326711375 0.25 0.0 -3.141592653589793 0.0
17.95795795795796 0.3577154355503669 0.14421298465878432 0.25 0.0 -3.141592653589793 0.0
17.97797797797798 0.3568062871307718 0.14488760136512419 0.25 0.0 -3.141592653589793 0.0
17.997997997998 0.35589291373614496 0.14555648670007587 0.25 0.0 -3.141592653589793 0.0
18.01801801801802 0.35497535149712933 0.14621961420429938 0.25 0.0 -3.141592653589793 0.0
18.03803803803804 0.3540536367100668 0.14687695764621977 0.25 0.0 -3.141592653589793 0.0
18.05805805805806 0.3531278058355637 0.14752849102306398 0.25 0.0 -3.141592653589793 0.0
18.07807807807808 0.35219789549704744 0.1481741885618901 0.25 0.0 -3.141592653589793 0.0
18.0980980980981 0.3512639424793188 0.14881402472060626 0.25 0.0 -3.141592653589793 0.0
18.11811811811812 0.35032598372709567 0.14944797418898167 0.25 0.0 -3.141592653589793 0.0
18.13813813813814 0.3493840563435528 0.1500760118896472 0.25 0.0 -3.141592653589793 0.0
18.15815815815816 0.348438197588853 0.15069811297908786 0.25 0.0 -3.141592653589793 0.0
18.17817817817818 0.34748844487867436 0.15131425284862515 0.25 0.0 -3.141592653589793 0.0
18.1981981981982 0.3465348357827289 0.151924407125391 0.25 0.0 -3.141592653589793 0.0
18.21821821821822 0.3455774080232777 0.1525285516732913 0.25 0.0 -3.141592653589793 0.0
18.23823823823824 0.34461619947363786 0.153126662593961 0.25 0.0 -3.141592653589793 0.0
18.25825825825826 0.34365124815668424 0.1537187162277097 0.25 0.0 -3.141592653589793 0.0
18.27827827827828 0.3426825922433464 0.15430468915445694 0.25 0.0 -3.141592653589793 0.0
18.2982982982983 0.3417102700510972 0.15488455819465935 0.25 0.0 -3.141592653589793 0.0
18.31831831831832 0.34073432004243853 0.15545830041022682 0.25 0.0 -3.141592653589793 0.0
18.33833833833834 0.3397547808233785 0.15602589310543066 0.25 0.0 -3.141592653589793 0.0
18.35835835835836 0.33877169114190553 0.15658731382780067 0.25 0.0 -3.141592653589793 0.0
18.37837837837838 0.3377850898864543 0.15714254036901382 0.25 0.0 -3.141592653589793 0.0
18.3983983983984 0.33679501608436874 0.15769155076577238 0.25 0.0 -3.141592653589793 0.0
18.41841841841842 0.33580150890035704 0.15823432330067314 0.25 0.0 -3.141592653589793 0.0
18.43843843843844 0.33480460763494335 0.15877083650306595 0.25 0.0 -3.141592653589793 0.0
18.45845845845846 0.3338043517229124 0.15930106914990366 0.25 0.0 -3.141592653589793 0.0
18.47847847847848 0.33280078073175 0.1598250002665811 0.25 0.0 -3.141592653589793 0.0
18.4984984984985 0.33179393436007804 0.16034260912776505 0.25 0.0 -3.141592653589793 0.0
18.51851851851852 0.3307838524360832 0.16085387525821418 0.25 0.0 -3.141592653589793 0.0
18.53853853853854 0.3297705749159428 0.16135877843358865 0.25 0.0 -3.141592653589793 0.0
18.55855855855856 0.32875414188224283 0.1618572986812506 0.25 0.0 -3.141592653589793 0.0
18.57857857857858 0.32773459354239365 0.16234941628105365 0.25 0.0 -3.141592653589793 0.0
18.5985985985986 0.3267119702270384 0.1628351117661236 0.25 0.0 -3.141592653589793 0.0
18.61861861861862 0.32568631238845874 0.1633143659236279 0.25 0.0 -3.141592653589793 0.0
18.63863863863864 0.32465766059897333 0.16378715979553618 0.25 0.0 -3.141592653589793 0.0
18.65865865865866 0.32362605554933443 0.16425347467936963 0.25 0.0 -3.141592653589793 0.0
18.67867867867868 0.3225915380471167 0.16471329212894145 0.25 0.0 -3.141592653589793 0.0
18.6986986986987 0.3215541490151045 0.1651665939550859 0.25 0.0 -3.141592653589793 0.0
18.71871871871872 0.3205139294896716 0.16561336222637837 0.25 0.0 -3.141592653589793 0.0
18.73873873873874 0.3194709206191592 0.16605357926984435 0.25 0.0 -3.141592653589793 0.0
18.75875875875876 0.31842516366224755 0.16648722767165847 0.25 0.0 -3.141592653589793 0.0
18.77877877877878 0.31737669998632345 0.16691429027783378 0.25 0.0 -3.141592653589793 0.0
18.7987987987988 0.31632557106584513 0.16733475019489982 0.25 0.0 -3.141592653589793 0.0
18.81881881881882 0.31527181848070013 0.16774859079057128 0.25 0.0 -3.141592653589793 0.0
18.83883883883884 0.3142154839145619 0.1681557956944055 0.25 0.0 -3.141592653589793 0.0
18.85885885885886 0.31315660915323956 0.16855634879845058 0.25 0.0 -3.141592653589793 0.0
18.87887887887888 0.3120952360830265 0.16895023425788203 0.25 0.0 -3.141592653589793 0.0
18.8988988988989 0.3110314066890416 0.16933743649162994 0.25 0.0 -3.141592653589793 0.0
18.91891891891892 0.3099651630535705 0.1697179401829951 0.25 0.0 -3.141592653589793 0.0
18.93893893893894 0.308896547354399 0.17009173028025507 0.25 0.0 -3.141592653589793 0.0
18.95895895895896 0.30782560186314606 0.17045879199725933 0.25 0.0 -3.141592653589793 0.0
18.97897897897898 0.30675236894359054 0.17081911081401452 0.25 0.0 -3.141592653589793 0.0
18.998998998999 0.30567689104999646 0.17117267247725854 0.25 0.0 -3.141592653589793 0.0
19.01901901901902 0.30459921072543295 0.17151946300102436 0.25 0.0 -3.141592653589793 0.0
19.03903903903904 0.30351937060009104 0.17185946866719362 0.25 0.0 -3.141592653589793 0.0
19.05905905905906 0.3024374133895986 0.17219267602603874 0.25 0.0 -3.141592653589793 0.0
19.07907907907908 0.30135338189332905 0.17251907189675553 0.25 0.0 -3.141592653589793 0.0
19.0990990990991 0.30026731899270953 0.17283864336798405 0.25 0.0 -3.141592653589793 0.0
19.11911911911912 0.29917926764952396 0.17315137779831985 0.25 0.0 -3.141592653589793 0.0
19.13913913913914 0.298089270904214 0.1734572628168135 0.25 0.0 -3.141592653589793 0.0
19.15915915915916 0.29699737187417596 0.17375628632346057 0.25 0.0 -3.141592653589793 0.0
19.17917917917918 0.29590361375205604 0.17404843648967966 0.25 0.0 -3.141592653589793 0.0
19.1991991991992 0.2948080398040406 0.17433370175878074 0.25 0.0 -3.141592653589793 0.0
19.21921921921922 0.2937106933681457 0.1746120708464221 0.25 0.0 -3.141592653589793 0.0
19.23923923923924 0.29261161785250245 0.1748835327410568 0.25 0.0 -3.141592653589793 0.0
19.25925925925926 0.2915108567336393 0.17514807670436827 0.25 0.0 -3.141592653589793 0.0
19.27927927927928 0.2904084535547632 0.17540569227169495 0.25 0.0 -3.141592653589793 0.0
19.2992992992993 0.28930445192403625 0.17565636925244446 0.25 0.0 -3.141592653589793 0.0
19.31931931931932 0.28819889551285155 0.17590009773049656 0.25 0.0 -3.141592653589793 0.0
19.33933933933934 0.2870918280541047 0.1761368680645955 0.25 0.0 -3.141592653589793 0.0
19.35935935935936 0.28598329334046496 0.17636667088873126 0.25 0.0 -3.141592653589793 0.0
19.37937937937938 0.2848733352226417 0.17658949711251024 0.25 0.0 -3.141592653589793 0.0
19.3993993993994 0.28376199760765086 0.17680533792151462 0.25 0.0 -3.141592653589793 0.0
19.41941941941942 0.2826493244570773 0.17701418477765132 0.25 0.0 -3.141592653589793 0.0
19.43943943943944 0.2815353597853366 0.1772160294194895 0.25 0.0 -3.141592653589793 0.0
19.45945945945946 0.28042014765793294 0.1774108638625875 0.25 0.0 -3.141592653589793 0.0
19.47947947947948 0.27930373218971705 0.17759868039980853 0.25 0.0 -3.141592653589793 0.0
19.4994994994995 0.2781861575431405 0.17777947160162577 0.25 0.0 -3.141592653589793 0.0
19.51951951951952 0.27706746792650866 0.17795323031641608 0.25 0.0 -3.141592653589793 0.0
19.53953953953954 0.27594770759223264 0.17811994967074293 0.25 0.0 -3.141592653589793 0.0
19.55955955955956 0.2748269208350777 0.1782796230696284 0.25 0.0 -3.141592653589793 0.0
19.57957957957958 0.2737051519904124 0.17843224419681394 0.25 0.0 -3.141592653589793 0.0
19.5995995995996 0.27258244543245336 0.1785778070150103 0.25 0.0 -3.141592653589793 0.0
19.61961961961962 0.2714588455725114 0.17871630576613626 0.25 0.0 -3.141592653589793 0.0
19.63963963963964 0.2703343968572332 0.17884773497154652 0.25 0.0 -3.141592653589793 0.0
19.65965965965966 0.2692091437668448 0.1789720894322483 0.25 0.0 -3.141592653589793 0.0
19.67967967967968 0.26808313081339036 0.17908936422910718 0.25 0.0 -3.141592653589793 0.0
19.6996996996997 0.2669564025389729 0.17919955472304142 0.25 0.0 -3.141592653589793 0.0
19.71971971971972 0.26582900351399114 0.17930265655520572 0.25 0.0 -3.141592653589793 0.0
19.73973973973974 0.26470097833537726 0.1793986656471635 0.25 0.0 -3.141592653589793 0.0
19.75975975975976 0.26357237162483244 0.17948757820104833 0.25 0.0 -3.141592653589793 0.0
19.77977977977978 0.26244322802706127 0.17956939069971406 0.25 0.0 -3.141592653589793 0.0
19.7997997997998 0.2613135922080069 0.179644099906874 0.25 0.0 -3.141592653589793 0.0
19.81981981981982 0.26018350885308267 0.17971170286722893 0.25 0.0 -3.141592653589793 0.0
19.83983983983984 0.2590530226654061 0.1797721969065841 0.25 0.0 -3.141592653589793 0.0
19.85985985985986 0.25792217836402875 0.17982557963195478 0.25 0.0 -3.141592653589793 0.0
19.87987987987988 0.25679102068216925 0.1798718489316612 0.25 0.0 -3.141592653589793 0.0
19.8998998998999 0.2556595943654418 0.17991100297541188 0.25 0.0 -3.141592653589793 0.0
19.91991991991992 0.25452794417008784 0.17994304021437607 0.25 0.0 -3.141592653589793 0.0
19.93993993993994 0.25339611486120417 0.17996795938124516 0.25 0.0 -3.141592653589793 0.0
19.95995995995996 0.25226415121097356 0.1799857594902826 0.25 0.0 -3.141592653589793 0.0
19.97997997997998 0.2511320979968923 0.17999643983736296 0.25 0.0 -3.141592653589793 0.0
20.0 0.25000000000000006 0.18 0.25 0.0 -3.141592653589793 0.0
