# timestamp x y z roll pitch yaw
0.0 0.2 0.0 0.45 0.0 1.570796327 0.0
0.02002002002002002 0.2 -0.0012578866632135502 0.4499960442637366 0.0 1.570796327 0.0
0.04004004004004004 0.2 -0.002515723567748212 0.44998417721142514 0.0 1.570796327 0.0
0.06006006006006006 0.2 -0.003773460956893418 0.44996439931249466 0.0 1.570796327 0.0
0.08008008008008008 0.2 -0.00503104907787517 0.4499367113493068 0.0 1.570796327 0.0
0.10010010010010009 0.2 -0.00628843818382412 0.4499011144171243 0.0 1.570796327 0.0
0.12012012012012012 0.2 -0.007545578535743436 0.449857609924068 0.0 1.570796327 0.0
0.14014014014014015 0.2 -0.008802420404476333 0.4498061995910609 0.0 1.570796327 0.0
0.16016016016016016 0.2 -0.010058914072673238 0.4497468854517601 0.0 1.570796327 0.0
0.18018018018018017 0.2 -0.011315009836758469 0.44967966985247665 0.0 1.570796327 0.0
0.20020020020020018 0.2 -0.012570658008896389 0.4496045554520822 0.0 1.570796327 0.0
0.22022022022022023 0.2 -0.013825808918956909 0.4495215452219046 0.0 1.570796327 0.0
0.24024024024024024 0.2 -0.015080412916480318 0.44943064244560926 0.0 1.570796327 0.0
0.2602602602602603 0.2 -0.016334420372641326 0.44933185071907056 0.0 1.570796327 0.0
0.2802802802802803 0.2 -0.017587781682212252 0.4492251739502286 0.0 1.570796327 0.0
0.3003003003003003 0.2 -0.01884044726552525 0.4491106163589349 0.0 1.570796327 0.0
0.3203203203203203 0.2 -0.02009236757043359 0.44898818247678574 0.0 1.570796327 0.0
0.34034034034034033 0.2 -0.021343493074271778 0.4488578771469426 0.0 1.570796327 0.0
0.36036036036036034 0.2 -0.022593774285814567 0.4487197055239406 0.0 1.570796327 0.0
0.38038038038038036 0.2 -0.02384316174723467 0.4485736730734847 0.0 1.570796327 0.0
0.40040040040040037 0.2 -0.025091606036059207 0.4484197855722337 0.0 1.570796327 0.0
0.42042042042042044 0.2 -0.02633905776712472 0.44825804910757105 0.0 1.570796327 0.0
0.44044044044044045 0.2 -0.02758546759453072 0.44808847007736496 0.0 1.570796327 0.0
0.46046046046046046 0.2 -0.02883078621359166 0.4479110551897144 0.0 1.570796327 0.0
0.4804804804804805 0.2 -0.030074964362787338 0.44772581146268453 0.0 1.570796327 0.0
0.5005005005005005 0.2 -0.03131795282571153 0.44753274622402867 0.0 1.570796327 0.0
0.5205205205205206 0.2 -0.03255970243301886 0.44733186711089845 0.0 1.570796327 0.0
0.5405405405405406 0.2 -0.033800164064369816 0.4471231820695417 0.0 1.570796327 0.0
0.5605605605605606 0.2 -0.0350392886503738 0.4469066993549884 0.0 1.570796327 0.0
0.5805805805805806 0.2 -0.03627702717453021 0.44668242753072374 0.0 1.570796327 0.0
0.6006006006006006 0.2 -0.03751333067516743 0.44645037546834965 0.0 1.570796327 0.0
0.6206206206206206 0.2 -0.03874815024737953 0.4462105523472336 0.0 1.570796327 0.0
0.6406406406406406 0.2 -0.03998143704496092 0.4459629676541459 0.0 1.570796327 0.0
0.6606606606606606 0.2 -0.041213142282338515 0.4457076311828839 0.0 1.570796327 0.0
0.6806806806806807 0.2 -0.042443217236501574 0.44544455303388514 0.0 1.570796327 0.0
0.7007007007007007 0.2 -0.04367161324892909 0.4451737436138272 0.0 1.570796327 0.0
0.7207207207207207 0.2 -0.04489828172751452 0.44489521363521667 0.0 1.570796327 0.0
0.7407407407407407 0.2 -0.04612317414848803 0.4446089741159648 0.0 1.570796327 0.0
0.7607607607607607 0.2 -0.04734624205833595 0.4443150363789521 0.0 1.570796327 0.0
0.7807807807807807 0.2 -0.04856743707571743 0.4440134120515802 0.0 1.570796327 0.0
0.8008008008008007 0.2 -0.04978671089337833 0.443704113065312 0.0 1.570796327 0.0
0.8208208208208209 0.2 -0.05100401528006209 0.4433871516551997 0.0 1.570796327 0.0
0.8408408408408409 0.2 -0.052219302082417644 0.4430625403594007 0.0 1.570796327 0.0
0.8608608608608609 0.2 -0.05343252322690426 0.44273029201868175 0.0 1.570796327 0.0
0.8808808808808809 0.2 -0.054643630721693176 0.442390419775911 0.0 1.570796327 0.0
0.9009009009009009 0.2 -0.055852576658566015 0.4420429370755379 0.0 1.570796327 0.0
0.9209209209209209 0.2 -0.05705931321480995 0.44168785766306173 0.0 1.570796327 0.0
0.9409409409409409 0.2 -0.05826379265510944 0.4413251955844876 0.0 1.570796327 0.0
0.960960960960961 0.2 -0.059465967333434455 0.4409549651857707 0.0 1.570796327 0.0
0.980980980980981 0.2 -0.06066578969492534 0.44057718111224936 0.0 1.570796327 0.0
1.001001001001001 0.2 -0.06186321227777378 0.44019185830806506 0.0 1.570796327 0.0
1.021021021021021 0.2 -0.0630581877151005 0.43979901201557176 0.0 1.570796327 0.0
1.0410410410410411 0.2 -0.06425066873682873 0.43939865777473264 0.0 1.570796327 0.0
1.0610610610610611 0.2 -0.06544060817155432 0.4389908114225057 0.0 1.570796327 0.0
1.0810810810810811 0.2 -0.06662795894841152 0.4385754890922169 0.0 1.570796327 0.0
1.1011011011011012 0.2 -0.06781267409893503 0.4381527072129222 0.0 1.570796327 0.0
1.1211211211211212 0.2 -0.0689947067589181 0.4377224825087579 0.0 1.570796327 0.0
1.1411411411411412 0.2 -0.0701740101702661 0.4372848319982785 0.0 1.570796327 0.0
1.1611611611611612 0.2 -0.07135053768284634 0.43683977299378396 0.0 1.570796327 0.0
1.1811811811811812 0.2 -0.07252424275633339 0.43638732310063477 0.0 1.570796327 0.0
1.2012012012012012 0.2 -0.07369507896204998 0.43592750021655546 0.0 1.570796327 0.0
1.2212212212212212 0.2 -0.07486299998480377 0.4354603225309265 0.0 1.570796327 0.0
1.2412412412412412 0.2 -0.07602795962471934 0.434985808524065 0.0 1.570796327 0.0
1.2612612612612613 0.2 -0.07718991179906574 0.4345039769664938 0.0 1.570796327 0.0
1.2812812812812813 0.2 -0.07834881054407947 0.43401484691819825 0.0 1.570796327 0.0
1.3013013013013013 0.2 -0.07950461001678259 0.43351843772787335 0.0 1.570796327 0.0
1.3213213213213213 0.2 -0.08065726449679625 0.4330147690321572 0.0 1.570796327 0.0
1.3413413413413413 0.2 -0.08180672838814917 0.43250386075485525 0.0 1.570796327 0.0
1.3613613613613613 0.2 -0.0829529562210814 0.4319857331061514 0.0 1.570796327 0.0
1.3813813813813813 0.2 -0.08409590265384287 0.4314604065818089 0.0 1.570796327 0.0
1.4014014014014013 0.2 -0.08523552247448707 0.43092790196235964 0.0 1.570796327 0.0
1.4214214214214214 0.2 -0.08637177060265946 0.43038824031228196 0.0 1.570796327 0.0
1.4414414414414414 0.2 -0.08750460209138086 0.4298414429791674 0.0 1.570796327 0.0
1.4614614614614614 0.2 -0.08863397212882523 0.42928753159287636 0.0 1.570796327 0.0
1.4814814814814814 0.2 -0.08975983604009243 0.4287265280646825 0.0 1.570796327 0.0
1.5015015015015014 0.2 -0.09088214928897548 0.42815845458640567 0.0 1.570796327 0.0
1.5215215215215214 0.2 -0.09200086747972219 0.4275833336295346 0.0 1.570796327 0.0
1.5415415415415414 0.2 -0.09311594635879142 0.4270011879443375 0.0 1.570796327 0.0
1.5615615615615615 0.2 -0.09422734181660357 0.4264120405589623 0.0 1.570796327 0.0
1.5815815815815815 0.2 -0.09533500988928549 0.42581591477852576 0.0 1.570796327 0.0
1.6016016016016015 0.2 -0.09643890676040955 0.42521283418419165 0.0 1.570796327 0.0
1.6216216216216217 0.2 -0.0975389887627269 0.42460282263223764 0.0 1.570796327 0.0
1.6416416416416417 0.2 -0.09863521237989488 0.42398590425311194 0.0 1.570796327 0.0
1.6616616616616617 0.2 -0.0997275342481983 0.4233621034504786 0.0 1.570796327 0.0
1.6816816816816818 0.2 -0.10081591115826492 0.42273144490025216 0.0 1.570796327 0.0
1.7017017017017018 0.2 -0.10190030005677464 0.42209395354962154 0.0 1.570796327 0.0
1.7217217217217218 0.2 -0.10298065804816253 0.4214496546160634 0.0 1.570796327 0.0
1.7417417417417418 0.2 -0.10405694239631579 0.4207985735863442 0.0 1.570796327 0.0
1.7617617617617618 0.2 -0.10512911052626416 0.4201407362155123 0.0 1.570796327 0.0
1.7817817817817818 0.2 -0.10619712002586407 0.4194761685258792 0.0 1.570796327 0.0
1.8018018018018018 0.2 -0.1072609286474765 0.4188048968059901 0.0 1.570796327 0.0
1.8218218218218218 0.2 -0.108320494309638 0.4181269476095837 0.0 1.570796327 0.0
1.8418418418418419 0.2 -0.10937577509872548 0.41744234775454214 0.0 1.570796327 0.0
1.8618618618618619 0.2 -0.11042672927061403 0.41675112432183037 0.0 1.570796327 0.0
1.8818818818818819 0.2 -0.11147331525232843 0.41605330465442414 0.0 1.570796327 0.0
1.901901901901902 0.2 -0.11251549164368742 0.4153489163562293 0.0 1.570796327 0.0
1.921921921921922 0.2 -0.11355321721894157 0.4146379872909891 0.0 1.570796327 0.0
1.941941941941942 0.2 -0.11458645092840399 0.4139205455811823 0.0 1.570796327 0.0
1.961961961961962 0.2 -0.11561515190007415 0.4131966196069109 0.0 1.570796327 0.0
1.981981981981982 0.2 -0.11663927944125466 0.4124662380047772 0.0 1.570796327 0.0
2.002002002002002 0.2 -0.11765879304016101 0.411729429666751 0.0 1.570796327 0.0
2.022022022022022 0.2 -0.11867365236752409 0.41098622373902693 0.0 1.570796327 0.0
2.042042042042042 0.2 -0.11968381727818536 0.4102366496208715 0.0 1.570796327 0.0
2.062062062062062 0.2 -0.12068924781268522 0.4094807369634598 0.0 1.570796327 0.0
2.0820820820820822 0.2 -0.1216899041988434 0.408718515668703 0.0 1.570796327 0.0
2.1021021021021022 0.2 -0.12268574685333236 0.40795001588806523 0.0 1.570796327 0.0
2.1221221221221223 0.2 -0.12367673638324306 0.407175268021371 0.0 1.570796327 0.0
2.1421421421421423 0.2 -0.12466283358764332 0.4063943027156026 0.0 1.570796327 0.0
2.1621621621621623 0.2 -0.12564399945912846 0.4056071508636879 0.0 1.570796327 0.0
2.1821821821821823 0.2 -0.12662019518536424 0.4048138436032781 0.0 1.570796327 0.0
2.2022022022022023 0.2 -0.12759138215062235 0.40401441231551627 0.0 1.570796327 0.0
2.2222222222222223 0.2 -0.12855752193730785 0.4032088886237956 0.0 1.570796327 0.0
2.2422422422422423 0.2 -0.12951857632747882 0.40239730439250904 0.0 1.570796327 0.0
2.2622622622622623 0.2 -0.13047450730435817 0.4015796917257882 0.0 1.570796327 0.0
2.2822822822822824 0.2 -0.13142527705383772 0.4007560829662339 0.0 1.570796327 0.0
2.3023023023023024 0.2 -0.13237084796597362 0.3999265106936365 0.0 1.570796327 0.0
2.3223223223223224 0.2 -0.1333111826364744 0.3990910077236872 0.0 1.570796327 0.0
2.3423423423423424 0.2 -0.13424624386818054 0.39824960710668006 0.0 1.570796327 0.0
2.3623623623623624 0.2 -0.1351759946725358 0.3974023421262043 0.0 1.570796327 0.0
2.3823823823823824 0.2 -0.13610039827105047 0.39654924629782795 0.0 1.570796327 0.0
2.4024024024024024 0.2 -0.1370194180967562 0.3956903533677722 0.0 1.570796327 0.0
2.4224224224224224 0.2 -0.13793301779565237 0.394825697311576 0.0 1.570796327 0.0
2.4424424424424425 0.2 -0.1388411612281445 0.3939553123327527 0.0 1.570796327 0.0
2.4624624624624625 0.2 -0.1397438124704735 0.3930792328614364 0.0 1.570796327 0.0
2.4824824824824825 0.2 -0.14064093581613676 0.39219749355302047 0.0 1.570796327 0.0
2.5025025025025025 0.2 -0.14153249577730087 0.3913101292867865 0.0 1.570796327 0.0
2.5225225225225225 0.2 -0.1424184570862051 0.39041717516452457 0.0 1.570796327 0.0
2.5425425425425425 0.2 -0.14329878469655663 0.3895186665091446 0.0 1.570796327 0.0
2.5625625625625625 0.2 -0.144173443784917 0.3886146388632794 0.0 1.570796327 0.0
2.5825825825825826 0.2 -0.14504239975207944 0.3877051279878785 0.0 1.570796327 0.0
2.6026026026026026 0.2 -0.14590561822443768 0.3867901698607932 0.0 1.570796327 0.0
2.6226226226226226 0.2 -0.14676306505534553 0.385869800675354 0.0 1.570796327 0.0
2.6426426426426426 0.2 -0.14761470632646778 0.3849440568389385 0.0 1.570796327 0.0
2.6626626626626626 0.2 -0.14846050834912186 0.3840129749715315 0.0 1.570796327 0.0
2.6826826826826826 0.2 -0.14930043766561038 0.3830765919042759 0.0 1.570796327 0.0
2.7027027027027026 0.2 -0.15013446105054487 0.38213494467801634 0.0 1.570796327 0.0
2.7227227227227226 0.2 -0.15096254551215976 0.38118807054183357 0.0 1.570796327 0.0
2.7427427427427427 0.2 -0.15178465829361779 0.38023600695157117 0.0 1.570796327 0.0
2.7627627627627627 0.2 -0.15260076687430546 0.37927879156835387 0.0 1.570796327 0.0
2.7827827827827827 0.2 -0.15341083897111973 0.3783164622570977 0.0 1.570796327 0.0
2.8028028028028027 0.2 -0.15421484253974493 0.3773490570850121 0.0 1.570796327 0.0
2.8228228228228227 0.2 -0.1550127457759203 0.37637661432009445 0.0 1.570796327 0.0
2.8428428428428427 0.2 -0.15580451711669824 0.37539917242961574 0.0 1.570796327 0.0
2.8628628628628627 0.2 -0.15659012524169263 0.3744167700785992 0.0 1.570796327 0.0
2.8828828828828827 0.2 -0.157369539074318 0.37342944612829104 0.0 1.570796327 0.0
2.9029029029029028 0.2 -0.15814272778301874 0.3724372396346227 0.0 1.570796327 0.0
2.9229229229229228 0.2 -0.15890966078248875 0.3714401898466663 0.0 1.570796327 0.0
2.942942942942943 0.2 -0.1596703077348812 0.37043833620508193 0.0 1.570796327 0.0
2.962962962962963 0.2 -0.16042463855100875 0.36943171834055727 0.0 1.570796327 0.0
2.982982982982983 0.2 -0.16117262339153382 0.3684203760722402 0.0 1.570796327 0.0
3.003003003003003 0.2 -0.1619142326681488 0.36740434940616373 0.0 1.570796327 0.0
3.023023023023023 0.2 -0.16264943704474658 0.36638367853366305 0.0 1.570796327 0.0
3.043043043043043 0.2 -0.16337820743858109 0.36535840382978596 0.0 1.570796327 0.0
3.063063063063063 0.2 -0.1641005150214175 0.36432856585169576 0.0 1.570796327 0.0
3.083083083083083 0.2 -0.16481633122067288 0.3632942053370668 0.0 1.570796327 0.0
3.103103103103103 0.2 -0.16552562772054624 0.36225536320247304 0.0 1.570796327 0.0
3.123123123123123 0.2 -0.1662283764631387 0.3612120805417695 0.0 1.570796327 0.0
3.143143143143143 0.2 -0.16692454964956346 0.3601643986244668 0.0 1.570796327 0.0
3.163163163163163 0.2 -0.1676141197410453 0.3591123588940984 0.0 1.570796327 0.0
3.183183183183183 0.2 -0.16829705946001006 0.3580560029665814 0.0 1.570796327 0.0
3.203203203203203 0.2 -0.16897334179116355 0.35699537262857034 0.0 1.570796327 0.0
3.2232232232232234 0.2 -0.16964293998256044 0.3559305098358041 0.0 1.570796327 0.0
3.2432432432432434 0.2 -0.17030582754666224 0.35486145671144637 0.0 1.570796327 0.0
3.2632632632632634 0.2 -0.17096197826138518 0.3537882555444192 0.0 1.570796327 0.0
3.2832832832832834 0.2 -0.1716113661711375 0.35271094878773035 0.0 1.570796327 0.0
3.3033033033033035 0.2 -0.17225396558784617 0.3516295790567939 0.0 1.570796327 0.0
3.3233233233233235 0.2 -0.172889751091973 0.3505441891277444 0.0 1.570796327 0.0
3.3433433433433435 0.2 -0.17351869753352026 0.34945482193574484 0.0 1.570796327 0.0
3.3633633633633635 0.2 -0.1741407800330255 0.3483615205732884 0.0 1.570796327 0.0
3.3833833833833835 0.2 -0.1747559739825457 0.3472643282884934 0.0 1.570796327 0.0
3.4034034034034035 0.2 -0.17536425504663072 0.34616328848339295 0.0 1.570796327 0.0
3.4234234234234235 0.2 -0.17596559916328589 0.345058444712218 0.0 1.570796327 0.0
3.4434434434434436 0.2 -0.17655998254492392 0.34394984067967416 0.0 1.570796327 0.0
3.4634634634634636 0.2 -0.17714738167930588 0.34283752023921327 0.0 1.570796327 0.0
3.4834834834834836 0.2 -0.17772777333047118 0.3417215273912982 0.0 1.570796327 0.0
3.5035035035035036 0.2 -0.1783011345396568 0.34060190628166287 0.0 1.570796327 0.0
3.5235235235235236 0.2 -0.17886744262620546 0.33947870119956536 0.0 1.570796327 0.0
3.5435435435435436 0.2 -0.1794266751884628 0.33835195657603667 0.0 1.570796327 0.0
3.5635635635635636 0.2 -0.17997881010466366 0.3372217169821222 0.0 1.570796327 0.0
3.5835835835835836 0.2 -0.1805238255338068 0.33608802712711966 0.0 1.570796327 0.0
3.6036036036036037 0.2 -0.18106169991651933 0.3349509318568096 0.0 1.570796327 0.0
3.6236236236236237 0.2 -0.18159241197590925 0.333810476151682 0.0 1.570796327 0.0
3.6436436436436437 0.2 -0.18211594071840712 0.33266670512515684 0.0 1.570796327 0.0
3.6636636636636637 0.2 -0.18263226543459665 0.3315196640217993 0.0 1.570796327 0.0
3.6836836836836837 0.2 -0.18314136570003384 0.33036939821553024 0.0 1.570796327 0.0
3.7037037037037037 0.2 -0.18364322137605482 0.32921595320783137 0.0 1.570796327 0.0
3.7237237237237237 0.2 -0.1841378126105726 0.32805937462594514 0.0 1.570796327 0.0
3.7437437437437437 0.2 -0.18462511983886246 0.32689970822106984 0.0 1.570796327 0.0
3.7637637637637638 0.2 -0.18510512378433558 0.3257369998665501 0.0 1.570796327 0.0
3.7837837837837838 0.2 -0.1855778054593019 0.32457129555606173 0.0 1.570796327 0.0
3.803803803803804 0.2 -0.18604314616572085 0.3234026414017931 0.0 1.570796327 0.0
3.823823823823824 0.2 -0.1865011274959415 0.32223108363262026 0.0 1.570796327 0.0
3.843843843843844 0.2 -0.1869517313334302 0.32105666859227877 0.0 1.570796327 0.0
3.863863863863864 0.2 -0.18739493985348762 0.3198794427375302 0.0 1.570796327 0.0
3.883883883883884 0.2 -0.18783073552395355 0.3186994526363247 0.0 1.570796327 0.0
3.903903903903904 0.2 -0.18825910110590063 0.3175167449659585 0.0 1.570796327 0.0
3.923923923923924 0.2 -0.18868001965431624 0.31633136651122784 0.0 1.570796327 0.0
3.943943943943944 0.2 -0.18909347451877268 0.31514336416257815 0.0 1.570796327 0.0
3.963963963963964 0.2 -0.18949944934408597 0.31395278491424905 0.0 1.570796327 0.0
3.983983983983984 0.2 -0.18989792807096267 0.31275967586241576 0.0 1.570796327 0.0
4.004004004004004 0.2 -0.19028889493663534 0.3115640842033256 0.0 1.570796327 0.0
4.024024024024024 0.2 -0.19067233447548587 0.3103660572314314 0.0 1.570796327 0.0
4.044044044044044 0.2 -0.19104823151965739 0.30916564233752053 0.0 1.570796327 0.0
4.064064064064064 0.2 -0.19141657119965416 0.30796288700684027 0.0 1.570796327 0.0
4.084084084084084 0.2 -0.19177733894492996 0.3067578388172194 0.0 1.570796327 0.0
4.104104104104104 0.2 -0.19213052048446422 0.3055505454371861 0.0 1.570796327 0.0
4.124124124124124 0.2 -0.1924761018473267 0.30434105462408256 0.0 1.570796327 0.0
4.1441441441441444 0.2 -0.19281406936323012 0.3031294142221753 0.0 1.570796327 0.0
4.1641641641641645 0.2 -0.19314440966307092 0.3019156721607632 0.0 1.570796327 0.0
4.1841841841841845 0.2 -0.19346710967945804 0.30069987645228097 0.0 1.570796327 0.0
4.2042042042042045 0.2 -0.19378215664722992 0.2994820751904005 0.0 1.570796327 0.0
4.2242242242242245 0.2 -0.1940895381039594 0.2982623165481279 0.0 1.570796327 0.0
4.2442442442442445 0.2 -0.1943892418904467 0.29704064877589803 0.0 1.570796327 0.0
4.2642642642642645 0.2 -0.19468125615120055 0.29581712019966605 0.0 1.570796327 0.0
4.2842842842842845 0.2 -0.19496556933490683 0.2945917792189955 0.0 1.570796327 0.0
4.3043043043043046 0.2 -0.19524217019488593 0.29336467430514385 0.0 1.570796327 0.0
4.324324324324325 0.2 -0.19551104778953723 0.29213585399914527 0.0 1.570796327 0.0
4.344344344344345 0.2 -0.1957721914827723 0.2909053669098902 0.0 1.570796327 0.0
4.364364364364365 0.2 -0.1960255909444353 0.2896732617122026 0.0 1.570796327 0.0
4.384384384384385 0.2 -0.1962712361507119 0.28843958714491463 0.0 1.570796327 0.0
4.404404404404405 0.2 -0.19650911738452556 0.28720439200893844 0.0 1.570796327 0.0
4.424424424424425 0.2 -0.19673922523592202 0.285967725165336 0.0 1.570796327 0.0
4.444444444444445 0.2 -0.1969615506024416 0.2847296355333861 0.0 1.570796327 0.0
4.464464464464465 0.2 -0.19717608468947917 0.2834901720886493 0.0 1.570796327 0.0
4.484484484484485 0.2 -0.197382819010632 0.2822493838610305 0.0 1.570796327 0.0
4.504504504504505 0.2 -0.19758174538803563 0.2810073199328396 0.0 1.570796327 0.0
4.524524524524525 0.2 -0.19777285595268715 0.27976402943684986 0.0 1.570796327 0.0
4.544544544544545 0.2 -0.1979561431447567 0.2785195615543542 0.0 1.570796327 0.0
4.564564564564565 0.2 -0.19813159971388636 0.27727396551322 0.0 1.570796327 0.0
4.584584584584585 0.2 -0.19829921871947698 0.27602729058594155 0.0 1.570796327 0.0
4.604604604604605 0.2 -0.19845899353096275 0.27477958608769104 0.0 1.570796327 0.0
4.624624624624625 0.2 -0.19861091782807355 0.27353090137436775 0.0 1.570796327 0.0
4.644644644644645 0.2 -0.19875498560108484 0.2722812858406457 0.0 1.570796327 0.0
4.664664664664665 0.2 -0.19889119115105552 0.2710307889180197 0.0 1.570796327 0.0
4.684684684684685 0.2 -0.19901952909005322 0.26977946007285 0.0 1.570796327 0.0
4.704704704704705 0.2 -0.19913999434136753 0.2685273488044055 0.0 1.570796327 0.0
4.724724724724725 0.2 -0.19925258213971087 0.2672745046429057 0.0 1.570796327 0.0
4.744744744744745 0.2 -0.19935728803140684 0.26602097714756145 0.0 1.570796327 0.0
4.764764764764765 0.2 -0.19945410787456655 0.2647668159046144 0.0 1.570796327 0.0
4.784784784784785 0.2 -0.1995430378392523 0.26351207052537573 0.0 1.570796327 0.0
4.804804804804805 0.2 -0.19962407440762928 0.26225679064426327 0.0 1.570796327 0.0
4.824824824824825 0.2 -0.19969721437410448 0.26100102591683866 0.0 1.570796327 0.0
4.844844844844845 0.2 -0.19976245484545385 0.25974482601784243 0.0 1.570796327 0.0
4.864864864864865 0.2 -0.1998197932409363 0.2584882406392297 0.0 1.570796327 0.0
4.884884884884885 0.2 -0.1998692272923962 0.2572313194882038 0.0 1.570796327 0.0
4.904904904904905 0.2 -0.19991075504435277 0.2559741122852507 0.0 1.570796327 0.0
4.924924924924925 0.2 -0.19994437485407776 0.2547166687621714 0.0 1.570796327 0.0
4.944944944944945 0.2 -0.19997008539166009 0.2534590386601155 0.0 1.570796327 0.0
4.964964964964965 0.2 -0.19998788564005876 0.252201271727613 0.0 1.570796327 0.0
4.984984984984985 0.2 -0.1999977748951428 0.25094341771860645 0.0 1.570796327 0.0
5.005005005005005 0.2 -0.1999997527657195 0.2496855263904831 0.0 1.570796327 0.0
5.025025025025025 0.2 -0.1999938191735494 0.2484276475021064 0.0 1.570796327 0.0
5.045045045045045 0.2 -0.1999799743533498 0.24716983081184762 0.0 1.570796327 0.0
5.065065065065065 0.2 -0.19995821885278525 0.24591212607561772 0.0 1.570796327 0.0
5.085085085085085 0.2 -0.19992855353244599 0.24465458304489904 0.0 1.570796327 0.0
5.105105105105105 0.2 -0.19989097956581386 0.2433972514647773 0.0 1.570796327 0.0
5.125125125125125 0.2 -0.1998454984392159 0.24214018107197377 0.0 1.570796327 0.0
5.145145145145145 0.2 -0.1997921119517655 0.2408834215928778 0.0 1.570796327 0.0
5.165165165165165 0.2 -0.19973082221529131 0.23962702274157985 0.0 1.570796327 0.0
5.185185185185185 0.2 -0.19966163165425366 0.2383710342179049 0.0 1.570796327 0.0
5.205205205205205 0.2 -0.19958454300564865 0.2371155057054464 0.0 1.570796327 0.0
5.225225225225225 0.2 -0.19949955931889995 0.2358604868696011 0.0 1.570796327 0.0
5.245245245245245 0.2 -0.19940668395573805 0.23460602735560415 0.0 1.570796327 0.0
5.265265265265265 0.2 -0.19930592059006735 0.23335217678656547 0.0 1.570796327 0.0
5.285285285285285 0.2 -0.19919727320782088 0.23209898476150673 0.0 1.570796327 0.0
5.305305305305305 0.2 -0.19908074610680251 0.23084650085339925 0.0 1.570796327 0.0
5.325325325325325 0.2 -0.19895634389651706 0.22959477460720318 0.0 1.570796327 0.0
5.345345345345345 0.2 -0.19882407149798786 0.22834385553790765 0.0 1.570796327 0.0
5.365365365365365 0.2 -0.19868393414356214 0.22709379312857184 0.0 1.570796327 0.0
5.385385385385385 0.2 -0.19853593737670405 0.2258446368283678 0.0 1.570796327 0.0
5.405405405405405 0.2 -0.1983800870517754 0.2245964360506243 0.0 1.570796327 0.0
5.425425425425425 0.2 -0.19821638933380395 0.2233492401708721 0.0 1.570796327 0.0
5.445445445445445 0.2 -0.19804485069823974 0.22210309852489094 0.0 1.570796327 0.0
5.465465465465465 0.2 -0.19786547793069872 0.22085806040675773 0.0 1.570796327 0.0
5.485485485485485 0.2 -0.19767827812669458 0.2196141750668969 0.0 1.570796327 0.0
5.505505505505505 0.2 -0.1974832586913578 0.21837149171013187 0.0 1.570796327 0.0
5.525525525525525 0.2 -0.19728042733914294 0.21713005949373881 0.0 1.570796327 0.0
5.545545545545545 0.2 -0.19706979209352332 0.2158899275255021 0.0 1.570796327 0.0
5.565565565565565 0.2 -0.19685136128667374 0.21465114486177173 0.0 1.570796327 0.0
5.585585585585585 0.2 -0.19662514355914085 0.2134137605055227 0.0 1.570796327 0.0
5.605605605605605 0.2 -0.19639114785950135 0.21217782340441677 0.0 1.570796327 0.0
5.625625625625625 0.2 -0.19614938344400795 0.210943382448866 0.0 1.570796327 0.0
5.645645645645645 0.2 -0.1958998598762233 0.209710486470099 0.0 1.570796327 0.0
5.665665665665665 0.2 -0.19564258702664172 0.208479184238229 0.0 1.570796327 0.0
5.685685685685685 0.2 -0.19537757507229853 0.2072495244603249 0.0 1.570796327 0.0
5.7057057057057055 0.2 -0.19510483449636776 0.20602155577848447 0.0 1.570796327 0.0
5.7257257257257255 0.2 -0.19482437608774728 0.2047953267679102 0.0 1.570796327 0.0
5.7457457457457455 0.2 -0.19453621094063203 0.2035708859349877 0.0 1.570796327 0.0
5.7657657657657655 0.2 -0.19424035045407528 0.20234828171536703 0.0 1.570796327 0.0
5.7857857857857855 0.2 -0.19393680633153754 0.20112756247204666 0.0 1.570796327 0.0
5.8058058058058055 0.2 -0.19362559058042378 0.19990877649346034 0.0 1.570796327 0.0
5.8258258258258255 0.2 -0.1933067155116083 0.19869197199156705 0.0 1.570796327 0.0
5.8458458458458455 0.2 -0.19298019373894781 0.19747719709994363 0.0 1.570796327 0.0
5.865865865865866 0.2 -0.19264603817878254 0.1962644998718811 0.0 1.570796327 0.0
5.885885885885886 0.2 -0.1923042620494251 0.19505392827848345 0.0 1.570796327 0.0
5.905905905905906 0.2 -0.19195487887063784 0.19384553020677017 0.0 1.570796327 0.0
5.925925925925926 0.2 -0.1915979024630978 0.192639353457782 0.0 1.570796327 0.0
5.945945945945946 0.2 -0.1912333469478502 0.19143544574468999 0.0 1.570796327 0.0
5.965965965965966 0.2 -0.1908612267457498 0.19023385469090806 0.0 1.570796327 0.0
5.985985985985986 0.2 -0.1904815565768903 0.1890346278282094 0.0 1.570796327 0.0
6.006006006006006 0.2 -0.19009435146002232 0.1878378125948458 0.0 1.570796327 0.0
6.026026026026026 0.2 -0.18969962671195906 0.18664345633367146 0.0 1.570796327 0.0
6.046046046046046 0.2 -0.18929739794697054 0.1854516062902702 0.0 1.570796327 0.0
6.066066066066066 0.2 -0.18888768107616583 0.18426230961108628 0.0 1.570796327 0.0
6.086086086086086 0.2 -0.18847049230686375 0.18307561334155972 0.0 1.570796327 0.0
6.106106106106106 0.2 -0.1880458481419518 0.1818915644242653 0.0 1.570796327 0.0
6.126126126126126 0.2 -0.1876137653792332 0.1807102096970553 0.0 1.570796327 0.0
6.146146146146146 0.2 -0.18717426111076244 0.17953159589120715 0.0 1.570796327 0.0
6.166166166166166 0.2 -0.18672735272216925 0.17835576962957456 0.0 1.570796327 0.0
6.186186186186186 0.2 -0.18627305789197088 0.1771827774247433 0.0 1.570796327 0.0
6.206206206206206 0.2 -0.1858113945908726 0.1760126656771914 0.0 1.570796327 0.0
6.226226226226226 0.2 -0.18534238108105702 0.17484548067345357 0.0 1.570796327 0.0
6.246246246246246 0.2 -0.1848660359154617 0.17368126858429034 0.0 1.570796327 0.0
6.266266266266266 0.2 -0.18438237793704504 0.1725200754628614 0.0 1.570796327 0.0
6.286286286286286 0.2 -0.18389142627804111 0.17136194724290424 0.0 1.570796327 0.0
6.306306306306306 0.2 -0.1833932003592027 0.17020692973691676 0.0 1.570796327 0.0
6.326326326326326 0.2 -0.18288771988903318 0.16905506863434533 0.0 1.570796327 0.0
6.346346346346346 0.2 -0.18237500486300676 0.16790640949977725 0.0 1.570796327 0.0
6.366366366366366 0.2 -0.18185507556277772 0.1667609977711385 0.0 1.570796327 0.0
6.386386386386386 0.2 -0.1813279525553779 0.16561887875789616 0.0 1.570796327 0.0
6.406406406406406 0.2 -0.18079365669240324 0.1644800976392662 0.0 1.570796327 0.0
6.426426426426427 0.2 -0.180252209109189 0.16334469946242633 0.0 1.570796327 0.0
6.446446446446447 0.2 -0.17970363122397348 0.16221272914073392 0.0 1.570796327 0.0
6.466466466466467 0.2 -0.17914794473705112 0.1610842314519495 0.0 1.570796327 0.0
6.486486486486487 0.2 -0.17858517162991372 0.1599592510364654 0.0 1.570796327 0.0
6.506506506506507 0.2 -0.17801533416438123 0.15883783239553984 0.0 1.570796327 0.0
6.526526526526527 0.2 -0.17743845488172086 0.15772001988953663 0.0 1.570796327 0.0
6.546546546546547 0.2 -0.17685455660175556 0.1566058577361704 0.0 1.570796327 0.0
6.566566566566567 0.2 -0.17626366242196143 0.15549539000875762 0.0 1.570796327 0.0
6.586586586586587 0.2 -0.17566579571655375 0.15438866063447282 0.0 1.570796327 0.0
6.606606606606607 0.2 -0.1750609801355626 0.15328571339261116 0.0 1.570796327 0.0
6.626626626626627 0.2 -0.17444923960389727 0.15218659191285666 0.0 1.570796327 0.0
6.646646646646647 0.2 -0.17383059832039982 0.15109133967355626 0.0 1.570796327 0.0
6.666666666666667 0.2 -0.17320508075688776 0.15000000000000002 0.0 1.570796327 0.0
6.686686686686687 0.2 -0.17257271165718624 0.14891261606270711 0.0 1.570796327 0.0
6.706706706706707 0.2 -0.1719335160361491 0.1478292308757183 0.0 1.570796327 0.0
6.726726726726727 0.2 -0.17128751917866922 0.1467498872948943 0.0 1.570796327 0.0
6.746746746746747 0.2 -0.1706347466386786 0.1456746280162205 0.0 1.570796327 0.0
6.766766766766767 0.2 -0.16997522423813735 0.14460349557411817 0.0 1.570796327 0.0
6.786786786786787 0.2 -0.16930897806601217 0.14353653233976166 0.0 1.570796327 0.0
6.806806806806807 0.2 -0.1686360344772445 0.14247378051940257 0.0 1.570796327 0.0
6.826826826826827 0.2 -0.16795642009170797 0.14141528215270013 0.0 1.570796327 0.0
6.846846846846847 0.2 -0.16727016179315524 0.14036107911105805 0.0 1.570796327 0.0
6.866866866866867 0.2 -0.16657728672815472 0.13931121309596833 0.0 1.570796327 0.0
6.886886886886887 0.2 -0.16587782230501658 0.13826572563736161 0.0 1.570796327 0.0
6.906906906906907 0.2 -0.16517179619270866 0.13722465809196446 0.0 1.570796327 0.0
6.926926926926927 0.2 -0.16445923631976192 0.13618805164166325 0.0 1.570796327 0.0
6.946946946946947 0.2 -0.16374017087316564 0.13515594729187536 0.0 1.570796327 0.0
6.966966966966967 0.2 -0.1630146282972525 0.13412838586992665 0.0 1.570796327 0.0
6.986986986986987 0.2 -0.1622826372925732 0.13310540802343707 0.0 1.570796327 0.0
7.007007007007007 0.2 -0.16154422681476144 0.1320870542187122 0.0 1.570796327 0.0
7.027027027027027 0.2 -0.16079942607338815 0.13107336473914274 0.0 1.570796327 0.0
7.047047047047047 0.2 -0.16004826453080642 0.13006437968361104 0.0 1.570796327 0.0
7.067067067067067 0.2 -0.15929077190098584 0.12906013896490492 0.0 1.570796327 0.0
7.087087087087087 0.2 -0.15852697814833697 0.1280606823081386 0.0 1.570796327 0.0
7.107107107107107 0.2 -0.15775691348652632 0.12706604924918152 0.0 1.570796327 0.0
7.127127127127127 0.2 -0.15698060837728092 0.12607627913309427 0.0 1.570796327 0.0
7.147147147147147 0.2 -0.15619809352918354 0.12509141111257224 0.0 1.570796327 0.0
7.167167167167167 0.2 -0.15540939989645774 0.12411148414639686 0.0 1.570796327 0.0
7.187187187187187 0.2 -0.15461455867774357 0.12313653699789451 0.0 1.570796327 0.0
7.207207207207207 0.2 -0.1538136013148634 0.12216660823340306 0.0 1.570796327 0.0
7.227227227227227 0.2 -0.15300655949157804 0.1212017362207464 0.0 1.570796327 0.0
7.247247247247247 0.2 -0.15219346513233356 0.1202419591277166 0.0 1.570796327 0.0
7.267267267267267 0.2 -0.15137435040099842 0.11928731492056421 0.0 1.570796327 0.0
7.287287287287287 0.2 -0.15054924769959102 0.11833784136249628 0.0 1.570796327 0.0
7.307307307307307 0.2 -0.14971818966699812 0.11739357601218267 0.0 1.570796327 0.0
7.327327327327327 0.2 -0.1488812091776838 0.11645455622227033 0.0 1.570796327 0.0
7.347347347347347 0.2 -0.14803833934038874 0.11552081913790552 0.0 1.570796327 0.0
7.367367367367367 0.2 -0.1471896134968207 0.11459240169526475 0.0 1.570796327 0.0
7.387387387387387 0.2 -0.14633506522033568 0.11366934062009346 0.0 1.570796327 0.0
7.407407407407407 0.2 -0.14547472831460978 0.11275167242625331 0.0 1.570796327 0.0
7.4274274274274275 0.2 -0.1446086368123019 0.11183943341427785 0.0 1.570796327 0.0
7.4474474474474475 0.2 -0.1437368249737077 0.11093265966993646 0.0 1.570796327 0.0
7.4674674674674675 0.2 -0.14285932728540424 0.11003138706280696 0.0 1.570796327 0.0
7.4874874874874875 0.2 -0.14197617845888577 0.10913565124485677 0.0 1.570796327 0.0
7.5075075075075075 0.2 -0.14108741342919068 0.10824548764903238 0.0 1.570796327 0.0
7.5275275275275275 0.2 -0.14019306735351955 0.10736093148785802 0.0 1.570796327 0.0
7.5475475475475475 0.2 -0.13929317560984442 0.1064820177520425 0.0 1.570796327 0.0
7.5675675675675675 0.2 -0.13838777379550923 0.10560878120909512 0.0 1.570796327 0.0
7.587587587587588 0.2 -0.13747689772582208 0.10474125640195059 0.0 1.570796327 0.0
7.607607607607608 0.2 -0.13656058343263783 0.10387947764760228 0.0 1.570796327 0.0
7.627627627627628 0.2 -0.1356388671629333 0.10302347903574485 0.0 1.570796327 0.0
7.647647647647648 0.2 -0.13471178537737322 0.10217329442742579 0.0 1.570796327 0.0
7.667667667667668 0.2 -0.13377937474886795 0.10132895745370599 0.0 1.570796327 0.0
7.687687687687688 0.2 -0.13284167216112283 0.10049050151432931 0.0 1.570796327 0.0
7.707707707707708 0.2 -0.13189871470717923 0.09965795977640138 0.0 1.570796327 0.0
7.727727727727728 0.2 -0.13095053968794707 0.09883136517307764 0.0 1.570796327 0.0
7.747747747747748 0.2 -0.12999718461072937 0.09801075040226054 0.0 1.570796327 0.0
7.767767767767768 0.2 -0.12903868718773875 0.09719614792530618 0.0 1.570796327 0.0
7.787787787787788 0.2 -0.12807508533460527 0.09638758996574012 0.0 1.570796327 0.0
7.807807807807808 0.2 -0.1271064171688769 0.09558510850798282 0.0 1.570796327 0.0
7.827827827827828 0.2 -0.12613272100851144 0.0947887352960842 0.0 1.570796327 0.0
7.847847847847848 0.2 -0.12515403537036118 0.09399850183246836 0.0 1.570796327 0.0
7.867867867867868 0.2 -0.12417039896864875 0.09321443937668686 0.0 1.570796327 0.0
7.887887887887888 0.2 -0.12318185071343596 0.09243657894418267 0.0 1.570796327 0.0
7.907907907907908 0.2 -0.12218842970908461 0.09166495130506294 0.0 1.570796327 0.0
7.927927927927928 0.2 -0.12119017525270968 0.09089958698288203 0.0 1.570796327 0.0
7.947947947947948 0.2 -0.12018712683262463 0.090140516253434 0.0 1.570796327 0.0
7.967967967967968 0.2 -0.11917932412677959 0.0893877691435549 0.0 1.570796327 0.0
7.987987987987988 0.2 -0.11816680700119167 0.08864137542993519 0.0 1.570796327 0.0
8.008008008008009 0.2 -0.11714961550836794 0.08790136463794163 0.0 1.570796327 0.0
8.028028028028029 0.2 -0.11612778988572117 0.08716776604044948 0.0 1.570796327 0.0
8.048048048048049 0.2 -0.11510137055397807 0.08644060865668449 0.0 1.570796327 0.0
8.068068068068069 0.2 -0.11407039811558038 0.08571992125107497 0.0 1.570796327 0.0
8.088088088088089 0.2 -0.11303491335307858 0.08500573233211395 0.0 1.570796327 0.0
8.108108108108109 0.2 -0.11199495722751909 0.08429807015123159 0.0 1.570796327 0.0
8.128128128128129 0.2 -0.11095057087682346 0.08359696270167727 0.0 1.570796327 0.0
8.148148148148149 0.2 -0.10990179561416125 0.08290243771741274 0.0 1.570796327 0.0
8.168168168168169 0.2 -0.10884867292631584 0.08221452267201457 0.0 1.570796327 0.0
8.188188188188189 0.2 -0.10779124447204334 0.08153324477758767 0.0 1.570796327 0.0
8.208208208208209 0.2 -0.10672955208042452 0.08085863098368881 0.0 1.570796327 0.0
8.228228228228229 0.2 -0.10566363774921035 0.08019070797626046 0.0 1.570796327 0.0
8.248248248248249 0.2 -0.10459354364316056 0.07952950217657523 0.0 1.570796327 0.0
8.268268268268269 0.2 -0.10351931209237575 0.07887503974019072 0.0 1.570796327 0.0
8.288288288288289 0.2 -0.10244098559062294 0.07822734655591482 0.0 1.570796327 0.0
8.308308308308309 0.2 -0.10135860679365459 0.07758644824478175 0.0 1.570796327 0.0
8.328328328328329 0.2 -0.10027221851752127 0.07695237015903839 0.0 1.570796327 0.0
8.348348348348349 0.2 -0.09918186373687791 0.07632513738114147 0.0 1.570796327 0.0
8.368368368368369 0.2 -0.09808758558328412 0.07570477472276552 0.0 1.570796327 0.0
8.388388388388389 0.2 -0.09698942734349758 0.07509130672382117 0.0 1.570796327 0.0
8.408408408408409 0.2 -0.09588743245776199 0.07448475765148446 0.0 1.570796327 0.0
8.428428428428429 0.2 -0.09478164451808868 0.07388515149923708 0.0 1.570796327 0.0
8.448448448448449 0.2 -0.09367210726653216 0.07329251198591696 0.0 1.570796327 0.0
8.468468468468469 0.2 -0.09255886459345986 0.07270686255478029 0.0 1.570796327 0.0
8.488488488488489 0.2 -0.09144196053581588 0.07212822637257396 0.0 1.570796327 0.0
8.508508508508509 0.2 -0.09032143927537908 0.07155662632861925 0.0 1.570796327 0.0
8.528528528528529 0.2 -0.08919734513701527 0.07099208503390644 0.0 1.570796327 0.0
8.548548548548549 0.2 -0.08806972258692396 0.07043462482020021 0.0 1.570796327 0.0
8.568568568568569 0.2 -0.08693861623087923 0.06988426773915635 0.0 1.570796327 0.0
8.588588588588589 0.2 -0.08580407081246531 0.06934103556144955 0.0 1.570796327 0.0
8.608608608608609 0.2 -0.08466613121130691 0.068804949775912 0.0 1.570796327 0.0
8.62862862862863 0.2 -0.08352484244129342 0.06827603158868362 0.0 1.570796327 0.0
8.64864864864865 0.2 -0.08238024964879857 0.06775430192237286 0.0 1.570796327 0.0
8.66866866866867 0.2 -0.08123239811089453 0.06723978141522935 0.0 1.570796327 0.0
8.68868868868869 0.2 -0.08008133323356081 0.06673249042032739 0.0 1.570796327 0.0
8.70870870870871 0.2 -0.07892710054988822 0.0662324490047608 0.0 1.570796327 0.0
8.72872872872873 0.2 -0.07776974571827756 0.06573967694884919 0.0 1.570796327 0.0
8.74874874874875 0.2 -0.07660931452063362 0.06525419374535549 0.0 1.570796327 0.0
8.76876876876877 0.2 -0.07544585286055405 0.06477601859871485 0.0 1.570796327 0.0
8.78878878878879 0.2 -0.0742794067615137 0.06430517042427486 0.0 1.570796327 0.0
8.80880880880881 0.2 -0.0731100223650439 0.06384166784754763 0.0 1.570796327 0.0
8.82882882882883 0.2 -0.07193774592890724 0.06338552920347254 0.0 1.570796327 0.0
8.84884884884885 0.2 -0.07076262382526775 0.06293677253569141 0.0 1.570796327 0.0
8.86886886886887 0.2 -0.0695847025388568 0.06249541559583449 0.0 1.570796327 0.0
8.88888888888889 0.2 -0.06840402866513377 0.06206147584281832 0.0 1.570796327 0.0
8.90890890890891 0.2 -0.06722064890844325 0.061634970442155046 0.0 1.570796327 0.0
8.92892892892893 0.2 -0.06603461008016741 0.06121591626527342 0.0 1.570796327 0.0
8.94894894894895 0.2 -0.06484595909687424 0.06080432988885154 0.0 1.570796327 0.0
8.96896896896897 0.2 -0.06365474297846177 0.060400227594160916 0.0 1.570796327 0.0
8.98898898898899 0.2 -0.06246100884629796 0.06000362536642259 0.0 1.570796327 0.0
9.00900900900901 0.2 -0.06126480392135676 0.0596145388941747 0.0 1.570796327 0.0
9.02902902902903 0.2 -0.060066175522350176 0.05923298356865192 0.0 1.570796327 0.0
9.04904904904905 0.2 -0.05886517106385645 0.058858974483176646 0.0 1.570796327 0.0
9.06906906906907 0.2 -0.05766183805444446 0.05849252643256184 0.0 1.570796327 0.0
9.08908908908909 0.2 -0.05645622409479444 0.05813365391252598 0.0 1.570796327 0.0
9.10910910910911 0.2 -0.0552483768758149 0.057782371119119436 0.0 1.570796327 0.0
9.12912912912913 0.2 -0.05403834417675645 0.05743869194816312 0.0 1.570796327 0.0
9.14914914914915 0.2 -0.052826173863321294 0.05710262999469859 0.0 1.570796327 0.0
9.16916916916917 0.2 -0.05161191388577009 0.05677419855245042 0.0 1.570796327 0.0
9.18918918918919 0.2 -0.05039561227702508 0.056453410613300226 0.0 1.570796327 0.0
9.20920920920921 0.2 -0.04917731715077012 0.05614027886677289 0.0 1.570796327 0.0
9.22922922922923 0.2 -0.04795707669954726 0.05583481569953447 0.0 1.570796327 0.0
9.24924924924925 0.2 -0.04673493919285056 0.05553703319490222 0.0 1.570796327 0.0
9.26926926926927 0.2 -0.045510952975216554 0.05524694313236664 0.0 1.570796327 0.0
9.28928928928929 0.2 -0.04428516646431191 0.054964556987125573 0.0 1.570796327 0.0
9.30930930930931 0.2 -0.04305762814901816 0.054689885929630144 0.0 1.570796327 0.0
9.32932932932933 0.2 -0.041828386587513575 0.054422940825142985 0.0 1.570796327 0.0
9.34934934934935 0.2 -0.04059749040535238 0.05416373223330839 0.0 1.570796327 0.0
9.36936936936937 0.2 -0.03936498829354111 0.053912270407734636 0.0 1.570796327 0.0
9.38938938938939 0.2 -0.03813092900661294 0.05366856529558839 0.0 1.570796327 0.0
9.40940940940941 0.2 -0.03689536136069851 0.053432626537201044 0.0 1.570796327 0.0
9.42942942942943 0.2 -0.035658334231595236 0.05320446346568769 0.0 1.570796327 0.0
9.44944944944945 0.2 -0.03441989655283386 0.052984085106577705 0.0 1.570796327 0.0
9.46946946946947 0.2 -0.03318009731374273 0.052771500177457686 0.0 1.570796327 0.0
9.48948948948949 0.2 -0.03193898555750995 0.052566717087626835 0.0 1.570796327 0.0
9.50950950950951 0.2 -0.03069661037924333 0.052369743937764085 0.0 1.570796327 0.0
9.52952952952953 0.2 -0.029453020924028312 0.05218058851960772 0.0 1.570796327 0.0
9.54954954954955 0.2 -0.02820826638498395 0.05199925831564722 0.0 1.570796327 0.0
9.56956956956957 0.2 -0.026962396001316943 0.051825760498827256 0.0 1.570796327 0.0
9.58958958958959 0.2 -0.025715459056373836 0.05166010193226386 0.0 1.570796327 0.0
9.60960960960961 0.2 -0.024467504875691465 0.05150228916897298 0.0 1.570796327 0.0
9.62962962962963 0.2 -0.023218582825046075 0.05135232845161139 0.0 1.570796327 0.0
9.64964964964965 0.2 -0.021968742308500037 0.05121022571222955 0.0 1.570796327 0.0
9.66966966966967 0.2 -0.020718032766447902 0.05107598657203702 0.0 1.570796327 0.0
9.68968968968969 0.2 -0.019466503673660575 0.05094961634118017 0.0 1.570796327 0.0
9.70970970970971 0.2 -0.018214204537328218 0.05083112001853207 0.0 1.570796327 0.0
9.72972972972973 0.2 -0.0169611848951019 0.05072050229149469 0.0 1.570796327 0.0
9.74974974974975 0.2 -0.015707494313133993 0.050617767535813596 0.0 1.570796327 0.0
9.76976976976977 0.2 -0.014453182384117478 0.05052291981540477 0.0 1.570796327 0.0
9.78978978978979 0.2 -0.013198298725324185 0.05043596288219385 0.0 1.570796327 0.0
9.80980980980981 0.2 -0.01194289297664207 0.050356900175967834 0.0 1.570796327 0.0
9.82982982982983 0.2 -0.010687014798611583 0.050285734824238815 0.0 1.570796327 0.0
9.84984984984985 0.2 -0.009430713870461238 0.05022246964212043 0.0 1.570796327 0.0
9.86986986986987 0.2 -0.008174039888142338 0.05016710713221645 0.0 1.570796327 0.0
9.88988988988989 0.2 -0.006917042562363493 0.050119649484521744 0.0 1.570796327 0.0
9.90990990990991 0.2 -0.005659771616623656 0.05008009857633566 0.0 1.570796327 0.0
9.92992992992993 0.2 -0.004402276785245557 0.05004845597218788 0.0 1.570796327 0.0
9.94994994994995 0.2 -0.003144607811408251 0.05002472292377633 0.0 1.570796327 0.0
9.96996996996997 0.2 -0.0018868144451794093 0.050008900369917786 0.0 1.570796327 0.0
9.98998998998999 0.2 -0.0006289464415473376 0.05000098893651081 0.0 1.570796327 0.0
10.01001001001001 0.2 0.0006289464415471998 0.05000098893651081 0.0 1.570796327 0.0
10.03003003003003 0.2 0.0018868144451792716 0.050008900369917786 0.0 1.570796327 0.0
10.05005005005005 0.2 0.0031446078114081132 0.05002472292377633 0.0 1.570796327 0.0
10.07007007007007 0.2 0.004402276785245419 0.05004845597218788 0.0 1.570796327 0.0
10.09009009009009 0.2 0.005659771616623518 0.05008009857633566 0.0 1.570796327 0.0
10.11011011011011 0.2 0.0069170425623633555 0.05011964948452172 0.0 1.570796327 0.0
10.13013013013013 0.2 0.00817403988814229 0.05016710713221642 0.0 1.570796327 0.0
10.15015015015015 0.2 0.009430713870461101 0.050222469642120404 0.0 1.570796327 0.0
10.17017017017017 0.2 0.010687014798611446 0.050285734824238815 0.0 1.570796327 0.0
10.19019019019019 0.2 0.01194289297664193 0.050356900175967806 0.0 1.570796327 0.0
10.21021021021021 0.2 0.013198298725324046 0.05043596288219385 0.0 1.570796327 0.0
10.23023023023023 0.2 0.014453182384117339 0.05052291981540474 0.0 1.570796327 0.0
10.25025025025025 0.2 0.015707494313133855 0.050617767535813596 0.0 1.570796327 0.0
10.27027027027027 0.2 0.016961184895101764 0.05072050229149469 0.0 1.570796327 0.0
10.29029029029029 0.2 0.018214204537328083 0.05083112001853207 0.0 1.570796327 0.0
10.31031031031031 0.2 0.01946650367366044 0.05094961634118017 0.0 1.570796327 0.0
10.33033033033033 0.2 0.020718032766447767 0.05107598657203702 0.0 1.570796327 0.0
10.35035035035035 0.2 0.021968742308499902 0.05121022571222952 0.0 1.570796327 0.0
10.37037037037037 0.2 0.023218582825045936 0.05135232845161139 0.0 1.570796327 0.0
10.39039039039039 0.2 0.024467504875691413 0.05150228916897298 0.0 1.570796327 0.0
10.41041041041041 0.2 0.025715459056373697 0.051660101932263836 0.0 1.570796327 0.0
10.43043043043043 0.2 0.026962396001316804 0.051825760498827256 0.0 1.570796327 0.0
10.45045045045045 0.2 0.02820826638498382 0.05199925831564722 0.0 1.570796327 0.0
10.47047047047047 0.2 0.029453020924028173 0.05218058851960772 0.0 1.570796327 0.0
10.49049049049049 0.2 0.03069661037924319 0.05236974393776406 0.0 1.570796327 0.0
10.51051051051051 0.2 0.03193898555750981 0.052566717087626835 0.0 1.570796327 0.0
10.53053053053053 0.2 0.0331800973137426 0.052771500177457686 0.0 1.570796327 0.0
10.55055055055055 0.2 0.03441989655283372 0.05298408510657768 0.0 1.570796327 0.0
10.57057057057057 0.2 0.035658334231595104 0.05320446346568766 0.0 1.570796327 0.0
10.59059059059059 0.2 0.03689536136069837 0.05343262653720102 0.0 1.570796327 0.0
10.61061061061061 0.2 0.03813092900661281 0.05366856529558833 0.0 1.570796327 0.0
10.63063063063063 0.2 0.03936498829354097 0.05391227040773461 0.0 1.570796327 0.0
10.65065065065065 0.2 0.04059749040535224 0.05416373223330839 0.0 1.570796327 0.0
10.67067067067067 0.2 0.041828386587513436 0.054422940825142985 0.0 1.570796327 0.0
10.69069069069069 0.2 0.04305762814901802 0.054689885929630117 0.0 1.570796327 0.0
10.71071071071071 0.2 0.04428516646431178 0.054964556987125546 0.0 1.570796327 0.0
10.73073073073073 0.2 0.04551095297521642 0.05524694313236661 0.0 1.570796327 0.0
10.75075075075075 0.2 0.046734939192850426 0.05553703319490219 0.0 1.570796327 0.0
10.77077077077077 0.2 0.04795707669954713 0.05583481569953444 0.0 1.570796327 0.0
10.79079079079079 0.2 0.04917731715076998 0.056140278866772864 0.0 1.570796327 0.0
10.81081081081081 0.2 0.05039561227702495 0.0564534106133002 0.0 1.570796327 0.0
10.83083083083083 0.2 0.05161191388576996 0.05677419855245036 0.0 1.570796327 0.0
10.85085085085085 0.2 0.05282617386332116 0.05710262999469856 0.0 1.570796327 0.0
10.87087087087087 0.2 0.05403834417675632 0.05743869194816309 0.0 1.570796327 0.0
10.89089089089089 0.2 0.05524837687581477 0.05778237111911941 0.0 1.570796327 0.0
10.91091091091091 0.2 0.05645622409479431 0.05813365391252595 0.0 1.570796327 0.0
10.93093093093093 0.2 0.05766183805444433 0.05849252643256181 0.0 1.570796327 0.0
10.95095095095095 0.2 0.05886517106385632 0.05885897448317659 0.0 1.570796327 0.0
10.97097097097097 0.2 0.060066175522350045 0.05923298356865189 0.0 1.570796327 0.0
10.99099099099099 0.2 0.06126480392135663 0.05961453889417467 0.0 1.570796327 0.0
11.01101101101101 0.2 0.06246100884629783 0.060003625366422564 0.0 1.570796327 0.0
11.03103103103103 0.2 0.06365474297846165 0.06040022759416086 0.0 1.570796327 0.0
11.05105105105105 0.2 0.06484595909687411 0.06080432988885148 0.0 1.570796327 0.0
11.07107107107107 0.2 0.06603461008016727 0.06121591626527337 0.0 1.570796327 0.0
11.09109109109109 0.2 0.06722064890844313 0.06163497044215496 0.0 1.570796327 0.0
11.11111111111111 0.2 0.06840402866513365 0.06206147584281829 0.0 1.570796327 0.0
11.13113113113113 0.2 0.06958470253885667 0.062495415595834464 0.0 1.570796327 0.0
11.15115115115115 0.2 0.07076262382526771 0.06293677253569141 0.0 1.570796327 0.0
11.17117117117117 0.2 0.0719377459289071 0.06338552920347251 0.0 1.570796327 0.0
11.19119119119119 0.2 0.07311002236504376 0.06384166784754755 0.0 1.570796327 0.0
11.21121121121121 0.2 0.07427940676151358 0.06430517042427483 0.0 1.570796327 0.0
11.23123123123123 0.2 0.07544585286055394 0.06477601859871479 0.0 1.570796327 0.0
11.25125125125125 0.2 0.07660931452063348 0.06525419374535546 0.0 1.570796327 0.0
11.27127127127127 0.2 0.07776974571827744 0.06573967694884916 0.0 1.570796327 0.0
11.29129129129129 0.2 0.07892710054988811 0.06623244900476075 0.0 1.570796327 0.0
11.31131131131131 0.2 0.0800813332335607 0.06673249042032733 0.0 1.570796327 0.0
11.33133133133133 0.2 0.0812323981108944 0.0672397814152293 0.0 1.570796327 0.0
11.35135135135135 0.2 0.08238024964879845 0.0677543019223728 0.0 1.570796327 0.0
11.37137137137137 0.2 0.0835248424412933 0.06827603158868356 0.0 1.570796327 0.0
11.391391391391391 0.2 0.08466613121130678 0.06880494977591195 0.0 1.570796327 0.0
11.411411411411411 0.2 0.08580407081246527 0.06934103556144952 0.0 1.570796327 0.0
11.431431431431431 0.2 0.08693861623087909 0.06988426773915629 0.0 1.570796327 0.0
11.451451451451451 0.2 0.08806972258692383 0.07043462482020013 0.0 1.570796327 0.0
11.471471471471471 0.2 0.08919734513701516 0.07099208503390639 0.0 1.570796327 0.0
11.491491491491491 0.2 0.09032143927537896 0.0715566263286192 0.0 1.570796327 0.0
11.511511511511511 0.2 0.09144196053581577 0.07212822637257388 0.0 1.570796327 0.0
11.531531531531531 0.2 0.09255886459345974 0.0727068625547802 0.0 1.570796327 0.0
11.551551551551551 0.2 0.09367210726653204 0.07329251198591691 0.0 1.570796327 0.0
11.571571571571571 0.2 0.09478164451808856 0.07388515149923702 0.0 1.570796327 0.0
11.591591591591591 0.2 0.09588743245776188 0.0744847576514844 0.0 1.570796327 0.0
11.611611611611611 0.2 0.09698942734349747 0.07509130672382111 0.0 1.570796327 0.0
11.631631631631631 0.2 0.09808758558328401 0.07570477472276546 0.0 1.570796327 0.0
11.651651651651651 0.2 0.0991818637368778 0.07632513738114141 0.0 1.570796327 0.0
11.671671671671671 0.2 0.10027221851752116 0.07695237015903833 0.0 1.570796327 0.0
11.691691691691691 0.2 0.10135860679365448 0.07758644824478167 0.0 1.570796327 0.0
11.711711711711711 0.2 0.10244098559062283 0.07822734655591476 0.0 1.570796327 0.0
11.731731731731731 0.2 0.10351931209237564 0.07887503974019061 0.0 1.570796327 0.0
11.751751751751751 0.2 0.10459354364316045 0.07952950217657515 0.0 1.570796327 0.0
11.771771771771771 0.2 0.10566363774921023 0.08019070797626038 0.0 1.570796327 0.0
11.791791791791791 0.2 0.10672955208042441 0.08085863098368873 0.0 1.570796327 0.0
11.811811811811811 0.2 0.1077912444720432 0.08153324477758761 0.0 1.570796327 0.0
11.831831831831831 0.2 0.10884867292631573 0.08221452267201446 0.0 1.570796327 0.0
11.851851851851851 0.2 0.10990179561416112 0.08290243771741265 0.0 1.570796327 0.0
11.871871871871871 0.2 0.11095057087682335 0.08359696270167721 0.0 1.570796327 0.0
11.891891891891891 0.2 0.11199495722751898 0.0842980701512315 0.0 1.570796327 0.0
11.911911911911911 0.2 0.11303491335307846 0.08500573233211389 0.0 1.570796327 0.0
11.931931931931931 0.2 0.11407039811558024 0.08571992125107492 0.0 1.570796327 0.0
11.951951951951951 0.2 0.11510137055397796 0.0864406086566844 0.0 1.570796327 0.0
11.971971971971971 0.2 0.11612778988572106 0.0871677660404494 0.0 1.570796327 0.0
11.991991991991991 0.2 0.11714961550836783 0.08790136463794154 0.0 1.570796327 0.0
12.012012012012011 0.2 0.11816680700119156 0.08864137542993511 0.0 1.570796327 0.0
12.032032032032031 0.2 0.11917932412677948 0.08938776914355484 0.0 1.570796327 0.0
12.052052052052051 0.2 0.12018712683262452 0.09014051625343389 0.0 1.570796327 0.0
12.072072072072071 0.2 0.12119017525270957 0.09089958698288195 0.0 1.570796327 0.0
12.092092092092091 0.2 0.1221884297090845 0.09166495130506286 0.0 1.570796327 0.0
12.112112112112111 0.2 0.12318185071343585 0.09243657894418256 0.0 1.570796327 0.0
12.132132132132131 0.2 0.12417039896864863 0.09321443937668678 0.0 1.570796327 0.0
12.152152152152151 0.2 0.1251540353703611 0.09399850183246827 0.0 1.570796327 0.0
12.172172172172171 0.2 0.12613272100851142 0.09478873529608417 0.0 1.570796327 0.0
12.192192192192191 0.2 0.1271064171688768 0.09558510850798274 0.0 1.570796327 0.0
12.212212212212211 0.2 0.12807508533460518 0.09638758996574004 0.0 1.570796327 0.0
12.232232232232231 0.2 0.12903868718773864 0.09719614792530606 0.0 1.570796327 0.0
12.252252252252251 0.2 0.1299971846107293 0.09801075040226045 0.0 1.570796327 0.0
12.272272272272271 0.2 0.13095053968794695 0.09883136517307756 0.0 1.570796327 0.0
12.292292292292291 0.2 0.13189871470717915 0.0996579597764013 0.0 1.570796327 0.0
12.312312312312311 0.2 0.13284167216112272 0.10049050151432923 0.0 1.570796327 0.0
12.332332332332332 0.2 0.13377937474886784 0.1013289574537059 0.0 1.570796327 0.0
12.352352352352352 0.2 0.1347117853773731 0.1021732944274257 0.0 1.570796327 0.0
12.372372372372372 0.2 0.1356388671629332 0.10302347903574474 0.0 1.570796327 0.0
12.392392392392392 0.2 0.13656058343263774 0.10387947764760219 0.0 1.570796327 0.0
12.412412412412412 0.2 0.13747689772582197 0.1047412564019505 0.0 1.570796327 0.0
12.432432432432432 0.2 0.13838777379550923 0.10560878120909506 0.0 1.570796327 0.0
12.452452452452452 0.2 0.1392931756098443 0.10648201775204238 0.0 1.570796327 0.0
12.472472472472472 0.2 0.14019306735351944 0.10736093148785791 0.0 1.570796327 0.0
12.492492492492492 0.2 0.1410874134291906 0.1082454876490323 0.0 1.570796327 0.0
12.512512512512512 0.2 0.14197617845888566 0.10913565124485666 0.0 1.570796327 0.0
12.532532532532532 0.2 0.14285932728540415 0.11003138706280688 0.0 1.570796327 0.0
12.552552552552552 0.2 0.14373682497370763 0.11093265966993635 0.0 1.570796327 0.0
12.572572572572572 0.2 0.14460863681230182 0.11183943341427774 0.0 1.570796327 0.0
12.592592592592592 0.2 0.1454747283146097 0.1127516724262532 0.0 1.570796327 0.0
12.612612612612612 0.2 0.1463350652203356 0.11366934062009335 0.0 1.570796327 0.0
12.632632632632632 0.2 0.1471896134968206 0.11459240169526466 0.0 1.570796327 0.0
12.652652652652652 0.2 0.14803833934038865 0.1155208191379054 0.0 1.570796327 0.0
12.672672672672672 0.2 0.14888120917768372 0.11645455622227022 0.0 1.570796327 0.0
12.692692692692692 0.2 0.1497181896669981 0.11739357601218262 0.0 1.570796327 0.0
12.712712712712712 0.2 0.15054924769959094 0.1183378413624962 0.0 1.570796327 0.0
12.732732732732732 0.2 0.15137435040099834 0.1192873149205641 0.0 1.570796327 0.0
12.752752752752752 0.2 0.15219346513233342 0.12024195912771643 0.0 1.570796327 0.0
12.772772772772772 0.2 0.15300655949157796 0.12120173622074629 0.0 1.570796327 0.0
12.792792792792792 0.2 0.15381360131486324 0.12216660823340289 0.0 1.570796327 0.0
12.812812812812812 0.2 0.1546145586777435 0.1231365369978944 0.0 1.570796327 0.0
12.832832832832834 0.2 0.15540939989645772 0.12411148414639683 0.0 1.570796327 0.0
12.852852852852854 0.2 0.15619809352918346 0.12509141111257213 0.0 1.570796327 0.0
12.872872872872874 0.2 0.1569806083772809 0.12607627913309424 0.0 1.570796327 0.0
12.892892892892894 0.2 0.1577569134865262 0.1270660492491814 0.0 1.570796327 0.0
12.912912912912914 0.2 0.15852697814833694 0.12806068230813858 0.0 1.570796327 0.0
12.932932932932934 0.2 0.15929077190098573 0.1290601389649048 0.0 1.570796327 0.0
12.952952952952954 0.2 0.1600482645308064 0.130064379683611 0.0 1.570796327 0.0
12.972972972972974 0.2 0.16079942607338804 0.13107336473914255 0.0 1.570796327 0.0
12.992992992992994 0.2 0.16154422681476133 0.13208705421871209 0.0 1.570796327 0.0
13.013013013013014 0.2 0.16228263729257308 0.1331054080234369 0.0 1.570796327 0.0
13.033033033033034 0.2 0.1630146282972524 0.13412838586992654 0.0 1.570796327 0.0
13.053053053053054 0.2 0.16374017087316553 0.13515594729187513 0.0 1.570796327 0.0
13.073073073073074 0.2 0.16445923631976184 0.13618805164166314 0.0 1.570796327 0.0
13.093093093093094 0.2 0.16517179619270864 0.13722465809196444 0.0 1.570796327 0.0
13.113113113113114 0.2 0.1658778223050165 0.1382657256373615 0.0 1.570796327 0.0
13.133133133133134 0.2 0.1665772867281547 0.13931121309596828 0.0 1.570796327 0.0
13.153153153153154 0.2 0.16727016179315518 0.14036107911105794 0.0 1.570796327 0.0
13.173173173173174 0.2 0.16795642009170794 0.1414152821527001 0.0 1.570796327 0.0
13.193193193193194 0.2 0.1686360344772444 0.14247378051940246 0.0 1.570796327 0.0
13.213213213213214 0.2 0.16930897806601208 0.14353653233976155 0.0 1.570796327 0.0
13.233233233233234 0.2 0.1699752242381372 0.14460349557411795 0.0 1.570796327 0.0
13.253253253253254 0.2 0.17063474663867853 0.1456746280162204 0.0 1.570796327 0.0
13.273273273273274 0.2 0.1712875191786691 0.1467498872948941 0.0 1.570796327 0.0
13.293293293293294 0.2 0.17193351603614904 0.1478292308757182 0.0 1.570796327 0.0
13.313313313313314 0.2 0.17257271165718613 0.14891261606270695 0.0 1.570796327 0.0
13.333333333333334 0.2 0.17320508075688767 0.1499999999999999 0.0 1.570796327 0.0
13.353353353353354 0.2 0.1738305983203998 0.15109133967355626 0.0 1.570796327 0.0
13.373373373373374 0.2 0.17444923960389722 0.15218659191285655 0.0 1.570796327 0.0
13.393393393393394 0.2 0.1750609801355626 0.1532857133926111 0.0 1.570796327 0.0
13.413413413413414 0.2 0.1756657957165537 0.15438866063447268 0.0 1.570796327 0.0
13.433433433433434 0.2 0.1762636624219614 0.15549539000875756 0.0 1.570796327 0.0
13.453453453453454 0.2 0.1768545566017555 0.15660585773617028 0.0 1.570796327 0.0
13.473473473473474 0.2 0.1774384548817208 0.1577200198895365 0.0 1.570796327 0.0
13.493493493493494 0.2 0.17801533416438112 0.1588378323955396 0.0 1.570796327 0.0
13.513513513513514 0.2 0.1785851716299137 0.15995925103646527 0.0 1.570796327 0.0
13.533533533533534 0.2 0.179147944737051 0.16108423145194933 0.0 1.570796327 0.0
13.553553553553554 0.2 0.17970363122397343 0.1622127291407338 0.0 1.570796327 0.0
13.573573573573574 0.2 0.18025220910918888 0.16334469946242614 0.0 1.570796327 0.0
13.593593593593594 0.2 0.1807936566924032 0.16448009763926608 0.0 1.570796327 0.0
13.613613613613614 0.2 0.18132795255537787 0.1656188787578961 0.0 1.570796327 0.0
13.633633633633634 0.2 0.18185507556277766 0.16676099777113834 0.0 1.570796327 0.0
13.653653653653654 0.2 0.18237500486300673 0.1679064094997772 0.0 1.570796327 0.0
13.673673673673674 0.2 0.1828877198890331 0.16905506863434516 0.0 1.570796327 0.0
13.693693693693694 0.2 0.18339320035920267 0.1702069297369167 0.0 1.570796327 0.0
13.713713713713714 0.2 0.18389142627804103 0.17136194724290407 0.0 1.570796327 0.0
13.733733733733734 0.2 0.184382377937045 0.17252007546286133 0.0 1.570796327 0.0
13.753753753753754 0.2 0.18486603591546164 0.17368126858429017 0.0 1.570796327 0.0
13.773773773773774 0.2 0.185342381081057 0.17484548067345348 0.0 1.570796327 0.0
13.793793793793794 0.2 0.18581139459087248 0.1760126656771912 0.0 1.570796327 0.0
13.813813813813814 0.2 0.1862730578919708 0.17718277742474314 0.0 1.570796327 0.0
13.833833833833834 0.2 0.18672735272216917 0.17835576962957433 0.0 1.570796327 0.0
13.853853853853854 0.2 0.18717426111076238 0.17953159589120704 0.0 1.570796327 0.0
13.873873873873874 0.2 0.18761376537923316 0.18071020969705526 0.0 1.570796327 0.0
13.893893893893894 0.2 0.18804584814195177 0.18189156442426516 0.0 1.570796327 0.0
13.913913913913914 0.2 0.18847049230686375 0.1830756133415597 0.0 1.570796327 0.0
13.933933933933934 0.2 0.18888768107616574 0.18426230961108608 0.0 1.570796327 0.0
13.953953953953954 0.2 0.18929739794697048 0.1854516062902701 0.0 1.570796327 0.0
13.973973973973974 0.2 0.189699626711959 0.1866434563336713 0.0 1.570796327 0.0
13.993993993993994 0.2 0.1900943514600223 0.18783781259484572 0.0 1.570796327 0.0
14.014014014014014 0.2 0.19048155657689025 0.1890346278282092 0.0 1.570796327 0.0
14.034034034034034 0.2 0.19086122674574976 0.19023385469090798 0.0 1.570796327 0.0
14.054054054054054 0.2 0.19123334694785016 0.19143544574468976 0.0 1.570796327 0.0
14.074074074074074 0.2 0.19159790246309777 0.19263935345778188 0.0 1.570796327 0.0
14.094094094094094 0.2 0.1919548788706378 0.19384553020677014 0.0 1.570796327 0.0
14.114114114114114 0.2 0.19230426204942508 0.19505392827848334 0.0 1.570796327 0.0
14.134134134134134 0.2 0.19264603817878254 0.19626449987188108 0.0 1.570796327 0.0
14.154154154154154 0.2 0.1929801937389478 0.1974771970999435 0.0 1.570796327 0.0
14.174174174174174 0.2 0.19330671551160827 0.19869197199156696 0.0 1.570796327 0.0
14.194194194194194 0.2 0.19362559058042372 0.19990877649346017 0.0 1.570796327 0.0
14.214214214214214 0.2 0.19393680633153754 0.20112756247204655 0.0 1.570796327 0.0
14.234234234234235 0.2 0.19424035045407523 0.20234828171536687 0.0 1.570796327 0.0
14.254254254254255 0.2 0.194536210940632 0.20357088593498762 0.0 1.570796327 0.0
14.274274274274275 0.2 0.19482437608774722 0.20479532676791004 0.0 1.570796327 0.0
14.294294294294295 0.2 0.19510483449636773 0.20602155577848438 0.0 1.570796327 0.0
14.314314314314315 0.2 0.19537757507229847 0.20724952446032469 0.0 1.570796327 0.0
14.334334334334335 0.2 0.19564258702664167 0.20847918423822887 0.0 1.570796327 0.0
14.354354354354355 0.2 0.1958998598762233 0.20971048647009893 0.0 1.570796327 0.0
14.374374374374375 0.2 0.1961493834440079 0.2109433824488659 0.0 1.570796327 0.0
14.394394394394395 0.2 0.19639114785950135 0.2121778234044167 0.0 1.570796327 0.0
14.414414414414415 0.2 0.19662514355914085 0.21341376050552255 0.0 1.570796327 0.0
14.434434434434435 0.2 0.19685136128667374 0.21465114486177164 0.0 1.570796327 0.0
14.454454454454455 0.2 0.19706979209352327 0.21588992752550193 0.0 1.570796327 0.0
14.474474474474475 0.2 0.19728042733914292 0.2171300594937387 0.0 1.570796327 0.0
14.494494494494495 0.2 0.19748325869135777 0.21837149171013168 0.0 1.570796327 0.0
14.514514514514515 0.2 0.19767827812669456 0.21961417506689682 0.0 1.570796327 0.0
14.534534534534535 0.2 0.1978654779306987 0.22085806040675754 0.0 1.570796327 0.0
14.554554554554555 0.2 0.1980448506982397 0.2221030985248908 0.0 1.570796327 0.0
14.574574574574575 0.2 0.19821638933380392 0.22334924017087188 0.0 1.570796327 0.0
14.594594594594595 0.2 0.19838008705177537 0.22459643605062415 0.0 1.570796327 0.0
14.614614614614615 0.2 0.19853593737670405 0.22584463682836775 0.0 1.570796327 0.0
14.634634634634635 0.2 0.19868393414356214 0.2270937931285717 0.0 1.570796327 0.0
14.654654654654655 0.2 0.19882407149798786 0.2283438555379076 0.0 1.570796327 0.0
14.674674674674675 0.2 0.19895634389651706 0.22959477460720307 0.0 1.570796327 0.0
14.694694694694695 0.2 0.19908074610680251 0.23084650085339917 0.0 1.570796327 0.0
14.714714714714715 0.2 0.19919727320782088 0.23209898476150653 0.0 1.570796327 0.0
14.734734734734735 0.2 0.19930592059006735 0.2333521767865654 0.0 1.570796327 0.0
14.754754754754755 0.2 0.19940668395573802 0.23460602735560399 0.0 1.570796327 0.0
14.774774774774775 0.2 0.19949955931889995 0.235860486869601 0.0 1.570796327 0.0
14.794794794794795 0.2 0.19958454300564865 0.2371155057054462 0.0 1.570796327 0.0
14.814814814814815 0.2 0.19966163165425366 0.23837103421790476 0.0 1.570796327 0.0
14.834834834834835 0.2 0.1997308222152913 0.2396270227415796 0.0 1.570796327 0.0
14.854854854854855 0.2 0.1997921119517655 0.24088342159287765 0.0 1.570796327 0.0
14.874874874874875 0.2 0.1998454984392159 0.24214018107197371 0.0 1.570796327 0.0
14.894894894894895 0.2 0.19989097956581386 0.24339725146477717 0.0 1.570796327 0.0
14.914914914914915 0.2 0.19992855353244599 0.244654583044899 0.0 1.570796327 0.0
14.934934934934935 0.2 0.19995821885278522 0.24591212607561758 0.0 1.570796327 0.0
14.954954954954955 0.2 0.1999799743533498 0.24716983081184754 0.0 1.570796327 0.0
14.974974974974975 0.2 0.1999938191735494 0.24842764750210622 0.0 1.570796327 0.0
14.994994994994995 0.2 0.1999997527657195 0.24968552639048303 0.0 1.570796327 0.0
15.015015015015015 0.2 0.1999977748951428 0.2509434177186063 0.0 1.570796327 0.0
15.035035035035035 0.2 0.19998788564005876 0.25220127172761286 0.0 1.570796327 0.0
15.055055055055055 0.2 0.19997008539166009 0.2534590386601153 0.0 1.570796327 0.0
15.075075075075075 0.2 0.19994437485407776 0.2547166687621713 0.0 1.570796327 0.0
15.095095095095095 0.2 0.1999107550443528 0.25597411228525047 0.0 1.570796327 0.0
15.115115115115115 0.2 0.1998692272923962 0.2572313194882037 0.0 1.570796327 0.0
15.135135135135135 0.2 0.19981979324093632 0.25848824063922965 0.0 1.570796327 0.0
15.155155155155155 0.2 0.19976245484545385 0.2597448260178423 0.0 1.570796327 0.0
15.175175175175175 0.2 0.19969721437410448 0.2610010259168386 0.0 1.570796327 0.0
15.195195195195195 0.2 0.19962407440762928 0.26225679064426316 0.0 1.570796327 0.0
15.215215215215215 0.2 0.1995430378392523 0.2635120705253756 0.0 1.570796327 0.0
15.235235235235235 0.2 0.19945410787456655 0.26476681590461426 0.0 1.570796327 0.0
15.255255255255255 0.2 0.19935728803140687 0.26602097714756134 0.0 1.570796327 0.0
15.275275275275275 0.2 0.1992525821397109 0.26727450464290553 0.0 1.570796327 0.0
15.295295295295295 0.2 0.19913999434136756 0.2685273488044054 0.0 1.570796327 0.0
15.315315315315315 0.2 0.19901952909005324 0.2697794600728498 0.0 1.570796327 0.0
15.335335335335335 0.2 0.19889119115105552 0.27103078891801957 0.0 1.570796327 0.0
15.355355355355355 0.2 0.19875498560108487 0.2722812858406455 0.0 1.570796327 0.0
15.375375375375375 0.2 0.19861091782807355 0.27353090137436764 0.0 1.570796327 0.0
15.395395395395395 0.2 0.19845899353096275 0.274779586087691 0.0 1.570796327 0.0
15.415415415415415 0.2 0.19829921871947698 0.27602729058594144 0.0 1.570796327 0.0
15.435435435435435 0.2 0.19813159971388636 0.2772739655132199 0.0 1.570796327 0.0
15.455455455455455 0.2 0.19795614314475674 0.27851956155435403 0.0 1.570796327 0.0
15.475475475475475 0.2 0.19777285595268715 0.27976402943684975 0.0 1.570796327 0.0
15.495495495495495 0.2 0.19758174538803563 0.28100731993283945 0.0 1.570796327 0.0
15.515515515515515 0.2 0.19738281901063204 0.2822493838610304 0.0 1.570796327 0.0
15.535535535535535 0.2 0.1971760846894792 0.2834901720886491 0.0 1.570796327 0.0
15.555555555555555 0.2 0.19696155060244164 0.284729635533386 0.0 1.570796327 0.0
15.575575575575575 0.2 0.19673922523592208 0.2859677251653358 0.0 1.570796327 0.0
15.595595595595595 0.2 0.1965091173845256 0.2872043920089383 0.0 1.570796327 0.0
15.615615615615615 0.2 0.19627123615071196 0.2884395871449144 0.0 1.570796327 0.0
15.635635635635635 0.2 0.19602559094443536 0.2896732617122025 0.0 1.570796327 0.0
15.655655655655655 0.2 0.1957721914827723 0.29090536690989016 0.0 1.570796327 0.0
15.675675675675675 0.2 0.1955110477895373 0.29213585399914516 0.0 1.570796327 0.0
15.695695695695695 0.2 0.19524217019488593 0.2933646743051438 0.0 1.570796327 0.0
15.715715715715715 0.2 0.19496556933490689 0.2945917792189953 0.0 1.570796327 0.0
15.735735735735735 0.2 0.19468125615120058 0.29581712019966594 0.0 1.570796327 0.0
15.755755755755755 0.2 0.19438924189044676 0.29704064877589786 0.0 1.570796327 0.0
15.775775775775776 0.2 0.19408953810395943 0.2982623165481278 0.0 1.570796327 0.0
15.795795795795796 0.2 0.19378215664722998 0.2994820751904003 0.0 1.570796327 0.0
15.815815815815816 0.2 0.19346710967945807 0.30069987645228086 0.0 1.570796327 0.0
15.835835835835836 0.2 0.193144409663071 0.301915672160763 0.0 1.570796327 0.0
15.855855855855856 0.2 0.19281406936323017 0.30312941422217515 0.0 1.570796327 0.0
15.875875875875876 0.2 0.19247610184732677 0.30434105462408234 0.0 1.570796327 0.0
15.895895895895896 0.2 0.19213052048446425 0.305550545437186 0.0 1.570796327 0.0
15.915915915915916 0.2 0.19177733894493 0.30675783881721935 0.0 1.570796327 0.0
15.935935935935936 0.2 0.19141657119965422 0.3079628870068401 0.0 1.570796327 0.0
15.955955955955956 0.2 0.19104823151965739 0.3091656423375204 0.0 1.570796327 0.0
15.975975975975976 0.2 0.19067233447548593 0.31036605723143124 0.0 1.570796327 0.0
15.995995995995996 0.2 0.19028889493663537 0.3115640842033255 0.0 1.570796327 0.0
16.016016016016017 0.2 0.18989792807096273 0.3127596758624156 0.0 1.570796327 0.0
16.036036036036037 0.2 0.189499449344086 0.313952784914249 0.0 1.570796327 0.0
16.056056056056057 0.2 0.18909347451877276 0.31514336416257793 0.0 1.570796327 0.0
16.076076076076077 0.2 0.18868001965431627 0.31633136651122773 0.0 1.570796327 0.0
16.096096096096097 0.2 0.18825910110590072 0.3175167449659583 0.0 1.570796327 0.0
16.116116116116117 0.2 0.1878307355239536 0.31869945263632454 0.0 1.570796327 0.0
16.136136136136138 0.2 0.18739493985348768 0.31987944273753 0.0 1.570796327 0.0
16.156156156156158 0.2 0.18695173133343027 0.3210566685922786 0.0 1.570796327 0.0
16.176176176176178 0.2 0.1865011274959415 0.3222310836326202 0.0 1.570796327 0.0
16.196196196196198 0.2 0.18604314616572093 0.323402641401793 0.0 1.570796327 0.0
16.216216216216218 0.2 0.18557780545930191 0.3245712955560617 0.0 1.570796327 0.0
16.236236236236238 0.2 0.18510512378433566 0.3257369998665499 0.0 1.570796327 0.0
16.256256256256258 0.2 0.1846251198388625 0.3268997082210698 0.0 1.570796327 0.0
16.276276276276278 0.2 0.18413781261057272 0.328059374625945 0.0 1.570796327 0.0
16.296296296296298 0.2 0.18364322137605482 0.3292159532078313 0.0 1.570796327 0.0
16.316316316316318 0.2 0.18314136570003392 0.3303693982155301 0.0 1.570796327 0.0
16.336336336336338 0.2 0.1826322654345967 0.33151966402179917 0.0 1.570796327 0.0
16.356356356356358 0.2 0.1821159407184072 0.3326667051251566 0.0 1.570796327 0.0
16.376376376376378 0.2 0.18159241197590928 0.3338104761516819 0.0 1.570796327 0.0
16.396396396396398 0.2 0.18106169991651944 0.33495093185680935 0.0 1.570796327 0.0
16.416416416416418 0.2 0.18052382553380686 0.3360880271271195 0.0 1.570796327 0.0
16.436436436436438 0.2 0.17997881010466366 0.33722171698212217 0.0 1.570796327 0.0
16.456456456456458 0.2 0.1794266751884629 0.3383519565760365 0.0 1.570796327 0.0
16.476476476476478 0.2 0.17886744262620546 0.33947870119956536 0.0 1.570796327 0.0
16.496496496496498 0.2 0.17830113453965685 0.3406019062816627 0.0 1.570796327 0.0
16.516516516516518 0.2 0.1777277733304712 0.34172152739129813 0.0 1.570796327 0.0
16.536536536536538 0.2 0.17714738167930597 0.3428375202392131 0.0 1.570796327 0.0
16.556556556556558 0.2 0.17655998254492397 0.3439498406796741 0.0 1.570796327 0.0
16.576576576576578 0.2 0.17596559916328597 0.34505844471221786 0.0 1.570796327 0.0
16.596596596596598 0.2 0.17536425504663078 0.3461632884833929 0.0 1.570796327 0.0
16.616616616616618 0.2 0.1747559739825458 0.3472643282884932 0.0 1.570796327 0.0
16.636636636636638 0.2 0.17414078003302558 0.3483615205732883 0.0 1.570796327 0.0
16.656656656656658 0.2 0.17351869753352037 0.3494548219357447 0.0 1.570796327 0.0
16.676676676676678 0.2 0.17288975109197305 0.35054418912774427 0.0 1.570796327 0.0
16.696696696696698 0.2 0.1722539655878462 0.3516295790567938 0.0 1.570796327 0.0
16.716716716716718 0.2 0.1716113661711376 0.35271094878773024 0.0 1.570796327 0.0
16.736736736736738 0.2 0.17096197826138523 0.3537882555444191 0.0 1.570796327 0.0
16.756756756756758 0.2 0.17030582754666235 0.3548614567114462 0.0 1.570796327 0.0
16.776776776776778 0.2 0.16964293998256053 0.35593050983580404 0.0 1.570796327 0.0
16.796796796796798 0.2 0.16897334179116366 0.3569953726285702 0.0 1.570796327 0.0
16.816816816816818 0.2 0.16829705946001008 0.35805600296658135 0.0 1.570796327 0.0
16.836836836836838 0.2 0.1676141197410454 0.3591123588940982 0.0 1.570796327 0.0
16.856856856856858 0.2 0.16692454964956352 0.3601643986244667 0.0 1.570796327 0.0
16.876876876876878 0.2 0.16622837646313882 0.36121208054176934 0.0 1.570796327 0.0
16.896896896896898 0.2 0.1655256277205463 0.3622553632024729 0.0 1.570796327 0.0
16.916916916916918 0.2 0.1648163312206729 0.36329420533706674 0.0 1.570796327 0.0
16.936936936936938 0.2 0.16410051502141756 0.36432856585169565 0.0 1.570796327 0.0
16.956956956956958 0.2 0.1633782074385811 0.3653584038297859 0.0 1.570796327 0.0
16.976976976976978 0.2 0.1626494370447467 0.36638367853366294 0.0 1.570796327 0.0
16.996996996996998 0.2 0.16191423266814886 0.3674043494061637 0.0 1.570796327 0.0
17.017017017017018 0.2 0.16117262339153393 0.3684203760722401 0.0 1.570796327 0.0
17.037037037037038 0.2 0.1604246385510088 0.36943171834055716 0.0 1.570796327 0.0
17.057057057057058 0.2 0.1596703077348813 0.37043833620508176 0.0 1.570796327 0.0
17.077077077077078 0.2 0.1589096607824888 0.37144018984666627 0.0 1.570796327 0.0
17.097097097097098 0.2 0.15814272778301885 0.3724372396346226 0.0 1.570796327 0.0
17.117117117117118 0.2 0.15736953907431805 0.373429446128291 0.0 1.570796327 0.0
17.137137137137138 0.2 0.15659012524169275 0.3744167700785991 0.0 1.570796327 0.0
17.157157157157158 0.2 0.1558045171166983 0.3753991724296156 0.0 1.570796327 0.0
17.177177177177178 0.2 0.15501274577592036 0.3763766143200944 0.0 1.570796327 0.0
17.197197197197198 0.2 0.15421484253974505 0.377349057085012 0.0 1.570796327 0.0
17.217217217217218 0.2 0.1534108389711198 0.37831646225709764 0.0 1.570796327 0.0
17.237237237237238 0.2 0.15260076687430557 0.37927879156835376 0.0 1.570796327 0.0
17.25725725725726 0.2 0.15178465829361784 0.3802360069515711 0.0 1.570796327 0.0
17.27727727727728 0.2 0.1509625455121599 0.38118807054183346 0.0 1.570796327 0.0
17.2972972972973 0.2 0.15013446105054493 0.38213494467801623 0.0 1.570796327 0.0
17.31731731731732 0.2 0.14930043766561052 0.3830765919042758 0.0 1.570796327 0.0
17.33733733733734 0.2 0.14846050834912192 0.3840129749715314 0.0 1.570796327 0.0
17.35735735735736 0.2 0.14761470632646792 0.3849440568389384 0.0 1.570796327 0.0
17.37737737737738 0.2 0.14676306505534562 0.3858698006753539 0.0 1.570796327 0.0
17.3973973973974 0.2 0.14590561822443782 0.386790169860793 0.0 1.570796327 0.0
17.41741741741742 0.2 0.14504239975207953 0.3877051279878784 0.0 1.570796327 0.0
17.43743743743744 0.2 0.14417344378491703 0.3886146388632794 0.0 1.570796327 0.0
17.45745745745746 0.2 0.14329878469655674 0.38951866650914446 0.0 1.570796327 0.0
17.47747747747748 0.2 0.14241845708620512 0.39041717516452445 0.0 1.570796327 0.0
17.4974974974975 0.2 0.14153249577730098 0.3913101292867864 0.0 1.570796327 0.0
17.51751751751752 0.2 0.14064093581613682 0.3921974935530204 0.0 1.570796327 0.0
17.53753753753754 0.2 0.1397438124704736 0.3930792328614363 0.0 1.570796327 0.0
17.55755755755756 0.2 0.13884116122814458 0.39395531233275266 0.0 1.570796327 0.0
17.57757757757758 0.2 0.1379330177956525 0.3948256973115759 0.0 1.570796327 0.0
17.5975975975976 0.2 0.13701941809675625 0.39569035336777214 0.0 1.570796327 0.0
17.61761761761762 0.2 0.13610039827105064 0.39654924629782784 0.0 1.570796327 0.0
17.63763763763764 0.2 0.1351759946725359 0.3974023421262042 0.0 1.570796327 0.0
17.65765765765766 0.2 0.1342462438681807 0.3982496071066799 0.0 1.570796327 0.0
17.67767767767768 0.2 0.1333111826364745 0.39909100772368716 0.0 1.570796327 0.0
17.6976976976977 0.2 0.13237084796597362 0.3999265106936365 0.0 1.570796327 0.0
17.71771771771772 0.2 0.13142527705383783 0.40075608296623383 0.0 1.570796327 0.0
17.73773773773774 0.2 0.13047450730435825 0.40157969172578817 0.0 1.570796327 0.0
17.75775775775776 0.2 0.12951857632747893 0.4023973043925089 0.0 1.570796327 0.0
17.77777777777778 0.2 0.12855752193730793 0.40320888862379556 0.0 1.570796327 0.0
17.7977977977978 0.2 0.12759138215062252 0.40401441231551616 0.0 1.570796327 0.0
17.81781781781782 0.2 0.12662019518536433 0.4048138436032781 0.0 1.570796327 0.0
17.83783783783784 0.2 0.1256439994591286 0.4056071508636878 0.0 1.570796327 0.0
17.85785785785786 0.2 0.1246628335876434 0.40639430271560256 0.0 1.570796327 0.0
17.87787787787788 0.2 0.12367673638324322 0.40717526802137083 0.0 1.570796327 0.0
17.8978978978979 0.2 0.12268574685333244 0.4079500158880651 0.0 1.570796327 0.0
17.91791791791792 0.2 0.12168990419884358 0.4087185156687029 0.0 1.570796327 0.0
17.93793793793794 0.2 0.12068924781268534 0.40948073696345977 0.0 1.570796327 0.0
17.95795795795796 0.2 0.1196838172781854 0.4102366496208715 0.0 1.570796327 0.0
17.97797797797798 0.2 0.1186736523675242 0.41098622373902693 0.0 1.570796327 0.0
17.997997997998 0.2 0.11765879304016108 0.41172942966675097 0.0 1.570796327 0.0
18.01801801801802 0.2 0.1166392794412548 0.4124662380047771 0.0 1.570796327 0.0
18.03803803803804 0.2 0.11561515190007421 0.4131966196069109 0.0 1.570796327 0.0
18.05805805805806 0.2 0.11458645092840412 0.4139205455811822 0.0 1.570796327 0.0
18.07807807807808 0.2 0.11355321721894163 0.414637987290989 0.0 1.570796327 0.0
18.0980980980981 0.2 0.11251549164368757 0.41534891635622917 0.0 1.570796327 0.0
18.11811811811812 0.2 0.11147331525232851 0.41605330465442414 0.0 1.570796327 0.0
18.13813813813814 0.2 0.11042672927061421 0.41675112432183026 0.0 1.570796327 0.0
18.15815815815816 0.2 0.10937577509872559 0.4174423477545421 0.0 1.570796327 0.0
18.17817817817818 0.2 0.1083204943096382 0.4181269476095835 0.0 1.570796327 0.0
18.1981981981982 0.2 0.1072609286474766 0.41880489680599 0.0 1.570796327 0.0
18.21821821821822 0.2 0.10619712002586411 0.4194761685258792 0.0 1.570796327 0.0
18.23823823823824 0.2 0.10512911052626427 0.42014073621551223 0.0 1.570796327 0.0
18.25825825825826 0.2 0.10405694239631585 0.4207985735863441 0.0 1.570796327 0.0
18.27827827827828 0.2 0.10298065804816268 0.4214496546160633 0.0 1.570796327 0.0
18.2982982982983 0.2 0.1019003000567747 0.42209395354962154 0.0 1.570796327 0.0
18.31831831831832 0.2 0.10081591115826508 0.42273144490025205 0.0 1.570796327 0.0
18.33833833833834 0.2 0.09972753424819837 0.42336210345047853 0.0 1.570796327 0.0
18.35835835835836 0.2 0.09863521237989503 0.4239859042531119 0.0 1.570796327 0.0
18.37837837837838 0.2 0.097538988762727 0.4246028226322376 0.0 1.570796327 0.0
18.3983983983984 0.2 0.09643890676040973 0.42521283418419153 0.0 1.570796327 0.0
18.41841841841842 0.2 0.0953350098892856 0.42581591477852576 0.0 1.570796327 0.0
18.43843843843844 0.2 0.09422734181660376 0.4264120405589622 0.0 1.570796327 0.0
18.45845845845846 0.2 0.09311594635879154 0.4270011879443374 0.0 1.570796327 0.0
18.47847847847848 0.2 0.09200086747972225 0.4275833336295346 0.0 1.570796327 0.0
18.4984984984985 0.2 0.09088214928897562 0.4281584545864056 0.0 1.570796327 0.0
18.51851851851852 0.2 0.0897598360400925 0.4287265280646825 0.0 1.570796327 0.0
18.53853853853854 0.2 0.08863397212882536 0.42928753159287625 0.0 1.570796327 0.0
18.55855855855856 0.2 0.08750460209138093 0.4298414429791674 0.0 1.570796327 0.0
18.57857857857858 0.2 0.08637177060265963 0.43038824031228184 0.0 1.570796327 0.0
18.5985985985986 0.2 0.08523552247448714 0.4309279019623596 0.0 1.570796327 0.0
18.61861861861862 0.2 0.08409590265384304 0.43146040658180884 0.0 1.570796327 0.0
18.63863863863864 0.2 0.08295295622108151 0.4319857331061513 0.0 1.570796327 0.0
18.65865865865866 0.2 0.08180672838814937 0.43250386075485514 0.0 1.570796327 0.0
18.67867867867868 0.2 0.08065726449679636 0.4330147690321572 0.0 1.570796327 0.0
18.6986986986987 0.2 0.07950461001678279 0.43351843772787324 0.0 1.570796327 0.0
18.71871871871872 0.2 0.07834881054407959 0.43401484691819825 0.0 1.570796327 0.0
18.73873873873874 0.2 0.0771899117990658 0.43450397696649373 0.0 1.570796327 0.0
18.75875875875876 0.2 0.07602795962471948 0.434985808524065 0.0 1.570796327 0.0
18.77877877877878 0.2 0.07486299998480384 0.4354603225309265 0.0 1.570796327 0.0
18.7987987987988 0.2 0.07369507896205013 0.43592750021655535 0.0 1.570796327 0.0
18.81881881881882 0.2 0.07252424275633346 0.43638732310063477 0.0 1.570796327 0.0
18.83883883883884 0.2 0.07135053768284652 0.4368397729937839 0.0 1.570796327 0.0
18.85885885885886 0.2 0.07017401017026619 0.43728483199827844 0.0 1.570796327 0.0
18.87887887887888 0.2 0.06899470675891828 0.4377224825087578 0.0 1.570796327 0.0
18.8988988988989 0.2 0.06781267409893514 0.4381527072129222 0.0 1.570796327 0.0
18.91891891891892 0.2 0.06662795894841171 0.4385754890922168 0.0 1.570796327 0.0
18.93893893893894 0.2 0.06544060817155443 0.4389908114225056 0.0 1.570796327 0.0
18.95895895895896 0.2 0.06425066873682894 0.43939865777473264 0.0 1.570796327 0.0
18.97897897897898 0.2 0.06305818771510062 0.4397990120155717 0.0 1.570796327 0.0
18.998998998999 0.2 0.06186321227777383 0.44019185830806506 0.0 1.570796327 0.0
19.01901901901902 0.2 0.06066578969492547 0.4405771811122493 0.0 1.570796327 0.0
19.03903903903904 0.2 0.059465967333434525 0.4409549651857707 0.0 1.570796327 0.0
19.05905905905906 0.2 0.05826379265510959 0.4413251955844875 0.0 1.570796327 0.0
19.07907907907908 0.2 0.05705931321481004 0.44168785766306173 0.0 1.570796327 0.0
19.0990990990991 0.2 0.05585257665856618 0.4420429370755379 0.0 1.570796327 0.0
19.11911911911912 0.2 0.05464363072169326 0.442390419775911 0.0 1.570796327 0.0
19.13913913913914 0.2 0.05343252322690445 0.4427302920186817 0.0 1.570796327 0.0
19.15915915915916 0.2 0.052219302082417755 0.4430625403594006 0.0 1.570796327 0.0
19.17917917917918 0.2 0.05100401528006229 0.4433871516551996 0.0 1.570796327 0.0
19.1991991991992 0.2 0.049786710893378446 0.443704113065312 0.0 1.570796327 0.0
19.21921921921922 0.2 0.04856743707571747 0.4440134120515802 0.0 1.570796327 0.0
19.23923923923924 0.2 0.04734624205833609 0.44431503637895203 0.0 1.570796327 0.0
19.25925925925926 0.2 0.04612317414848809 0.4446089741159648 0.0 1.570796327 0.0
19.27927927927928 0.2 0.04489828172751467 0.4448952136352166 0.0 1.570796327 0.0
19.2992992992993 0.2 0.04367161324892915 0.4451737436138272 0.0 1.570796327 0.0
19.31931931931932 0.2 0.04244321723650174 0.4454445530338851 0.0 1.570796327 0.0
19.33933933933934 0.2 0.0412131422823386 0.4457076311828839 0.0 1.570796327 0.0
19.35935935935936 0.2 0.0399814370449611 0.4459629676541459 0.0 1.570796327 0.0
19.37937937937938 0.2 0.038748150247379626 0.4462105523472336 0.0 1.570796327 0.0
19.3993993993994 0.2 0.03751333067516762 0.4464503754683496 0.0 1.570796327 0.0
19.41941941941942 0.2 0.036277027174530324 0.44668242753072374 0.0 1.570796327 0.0
19.43943943943944 0.2 0.035039288650374 0.4469066993549884 0.0 1.570796327 0.0
19.45945945945946 0.2 0.03380016406436994 0.4471231820695417 0.0 1.570796327 0.0
19.47947947947948 0.2 0.032559702433018915 0.4473318671108984 0.0 1.570796327 0.0
19.4994994994995 0.2 0.031317952825711676 0.4475327462240286 0.0 1.570796327 0.0
19.51951951951952 0.2 0.0300749643627874 0.44772581146268453 0.0 1.570796327 0.0
19.53953953953954 0.2 0.028830786213591815 0.4479110551897144 0.0 1.570796327 0.0
19.55955955955956 0.2 0.027585467594530788 0.4480884700773649 0.0 1.570796327 0.0
19.57957957957958 0.2 0.02633905776712489 0.44825804910757105 0.0 1.570796327 0.0
19.5995995995996 0.2 0.025091606036059297 0.4484197855722337 0.0 1.570796327 0.0
19.61961961961962 0.2 0.023843161747234852 0.4485736730734847 0.0 1.570796327 0.0
19.63963963963964 0.2 0.022593774285814668 0.4487197055239406 0.0 1.570796327 0.0
19.65965965965966 0.2 0.02134349307427198 0.4488578771469426 0.0 1.570796327 0.0
19.67967967967968 0.2 0.020092367570433704 0.44898818247678574 0.0 1.570796327 0.0
19.6996996996997 0.2 0.01884044726552546 0.4491106163589349 0.0 1.570796327 0.0
19.71971971971972 0.2 0.017587781682212377 0.4492251739502286 0.0 1.570796327 0.0
19.73973973973974 0.2 0.016334420372641375 0.44933185071907056 0.0 1.570796327 0.0
19.75975975975976 0.2 0.01508041291648046 0.44943064244560926 0.0 1.570796327 0.0
19.77977977977978 0.2 0.01382580891895697 0.4495215452219046 0.0 1.570796327 0.0
19.7997997997998 0.2 0.012570658008896547 0.4496045554520822 0.0 1.570796327 0.0
19.81981981981982 0.2 0.011315009836758545 0.44967966985247665 0.0 1.570796327 0.0
19.83983983983984 0.2 0.01005891407267341 0.4497468854517601 0.0 1.570796327 0.0
19.85985985985986 0.2 0.008802420404476421 0.4498061995910609 0.0 1.570796327 0.0
19.87987987987988 0.2 0.00754557853574362 0.449857609924068 0.0 1.570796327 0.0
19.8998998998999 0.2 0.0062884381838242236 0.4499011144171243 0.0 1.570796327 0.0
19.91991991991992 0.2 0.005031049077875369 0.4499367113493068 0.0 1.570796327 0.0
19.93993993993994 0.2 0.0037734609568935355 0.44996439931249466 0.0 1.570796327 0.0
19.95995995995996 0.2 0.0025157235677484243 0.44998417721142514 0.0 1.570796327 0.0
19.97997997997998 0.2 0.001257886663213681 0.4499960442637366 0.0 1.570796327 0.0
20.0 0.2 4.898587196589413e-17 0.45 0.0 1.570796327 0.0
